,timestamp,raw_value,attention,delta
0,0,48,67,0.0
1,1,73,67,0.010888814926147461
2,2,100,67,0.021655797958374023
3,3,81,67,0.03564739227294922
4,4,88,67,0.048873186111450195
5,5,40,67,0.0599980354309082
6,6,40,67,0.0599980354309082
7,7,40,67,0.0599980354309082
8,8,40,67,0.09774899482727051
9,9,40,67,0.1014559268951416
10,10,40,67,0.1014559268951416
11,11,40,67,0.1014559268951416
12,12,40,67,0.1014559268951416
13,13,134,67,0.15829896926879883
14,14,135,67,0.16176509857177734
15,15,135,67,0.16176509857177734
16,16,135,67,0.16176509857177734
17,17,108,67,0.2042989730834961
18,18,98,67,0.21921396255493164
19,19,60,67,0.2275080680847168
20,20,49,67,0.24138092994689941
21,21,59,67,0.24526095390319824
22,22,59,67,0.24526095390319824
23,23,59,67,0.24526095390319824
24,24,25,67,0.29036712646484375
25,25,71,67,0.3013288974761963
26,26,42,67,0.30887413024902344
27,27,42,67,0.30887413024902344
28,28,36,67,0.3421058654785156
29,29,106,67,0.35401105880737305
30,30,35,67,0.3652470111846924
31,31,35,67,0.3652470111846924
32,32,35,67,0.3652470111846924
33,33,-1,67,0.4031379222869873
34,34,96,67,0.4160161018371582
35,35,64,67,0.4237499237060547
36,36,76,67,0.43011903762817383
37,37,76,67,0.43011903762817383
38,38,76,67,0.43011903762817383
39,39,59,67,0.47234034538269043
40,40,6,67,0.48056793212890625
41,41,6,67,0.48056793212890625
42,42,54,67,0.5105278491973877
43,43,69,67,0.5204000473022461
44,44,56,67,0.5316507816314697
45,45,11,67,0.541175127029419
46,46,68,67,0.5536599159240723
47,47,67,67,0.5673449039459229
48,48,20,67,0.5786299705505371
49,49,26,67,0.5928850173950195
50,50,25,67,0.6027250289916992
51,51,27,67,0.6144959926605225
52,52,27,67,0.6144959926605225
53,53,16,67,0.6418030261993408
54,54,76,67,0.6525990962982178
55,55,66,67,0.6601388454437256
56,56,66,67,0.6601388454437256
57,57,66,67,0.6601388454437256
58,58,23,67,0.7019720077514648
59,59,112,67,0.7154948711395264
60,60,97,67,0.718986988067627
61,61,97,67,0.718986988067627
62,62,97,67,0.718986988067627
63,63,52,67,0.7632739543914795
64,64,76,63,0.7741544246673584
65,65,129,63,0.7843670845031738
66,66,58,63,0.7990989685058594
67,67,76,63,0.8027369976043701
68,68,76,63,0.8027369976043701
69,69,76,63,0.8027369976043701
70,70,71,63,0.8477411270141602
71,71,23,63,0.8577110767364502
72,72,28,63,0.87276291847229
73,73,28,63,0.87276291847229
74,74,28,63,0.87276291847229
75,75,32,63,0.9082138538360596
76,76,131,63,0.9214129447937012
77,77,88,63,0.9289569854736328
78,78,88,63,0.9289569854736328
79,79,88,63,0.9289569854736328
80,80,54,63,0.971336841583252
81,81,41,63,0.9840958118438721
82,82,35,63,0.9851789474487305
83,83,35,63,0.9851789474487305
84,84,35,63,0.9851789474487305
85,85,70,63,1.031383991241455
86,86,55,63,1.0345909595489502
87,87,55,63,1.0345909595489502
88,88,106,63,1.070909023284912
89,89,-5,63,1.0831000804901123
90,90,57,63,1.0947530269622803
91,91,57,63,1.0947530269622803
92,92,32,63,1.1188619136810303
93,93,75,63,1.1300859451293945
94,94,115,63,1.1425528526306152
95,95,72,63,1.1529507637023926
96,96,72,63,1.1529507637023926
97,97,72,63,1.1529507637023926
98,98,72,63,1.1529507637023926
99,99,72,63,1.1529507637023926
100,100,65,63,1.2115788459777832
101,101,76,63,1.2226369380950928
102,102,76,63,1.2279038429260254
103,103,76,63,1.2279038429260254
104,104,76,63,1.2279038429260254
105,105,29,63,1.27065110206604
106,106,86,63,1.2809903621673584
107,107,53,63,1.2886991500854492
108,108,53,63,1.2886991500854492
109,109,53,63,1.2886991500854492
110,110,53,63,1.2886991500854492
111,111,53,63,1.2886991500854492
112,112,53,63,1.2886991500854492
113,113,53,63,1.2886991500854492
114,114,53,63,1.2886991500854492
115,115,53,63,1.2886991500854492
116,116,36,63,1.4007651805877686
117,117,66,63,1.4195070266723633
118,118,25,63,1.4234929084777832
119,119,25,63,1.4234929084777832
120,120,25,63,1.4234929084777832
121,121,58,63,1.4688940048217773
122,122,84,63,1.4789679050445557
123,123,12,63,1.4919958114624023
124,124,-18,63,1.5040528774261475
125,125,8,63,1.5160589218139648
126,126,43,63,1.527580976486206
127,127,85,63,1.540146827697754
128,128,33,63,1.551119089126587
129,129,81,63,1.5625088214874268
130,130,75,63,1.5734999179840088
131,131,69,63,1.588348150253296
132,132,50,63,1.5998427867889404
133,133,38,63,1.6106860637664795
134,134,-5,63,1.6225230693817139
135,135,24,63,1.6351277828216553
136,136,24,63,1.6351277828216553
137,137,50,63,1.6580181121826172
138,138,72,63,1.668977975845337
139,139,72,63,1.668977975845337
140,140,72,63,1.668977975845337
141,141,90,63,1.7095980644226074
142,142,120,63,1.7188489437103271
143,143,81,63,1.7322919368743896
144,144,81,63,1.7322919368743896
145,145,54,63,1.7491137981414795
146,146,54,63,1.7491137981414795
147,147,54,63,1.7491137981414795
148,148,54,63,1.7491137981414795
149,149,99,63,1.807905912399292
150,150,114,54,1.8177261352539062
151,151,90,54,1.8253850936889648
152,152,90,54,1.8253850936889648
153,153,93,54,1.858173131942749
154,154,39,54,1.8688719272613525
155,155,72,54,1.8793628215789795
156,156,65,54,1.89028000831604
157,157,35,54,1.902202844619751
158,158,69,54,1.9131951332092285
159,159,66,54,1.924673080444336
160,160,48,54,1.9326751232147217
161,161,48,54,1.9326751232147217
162,162,2,54,1.9631459712982178
163,163,60,54,1.9738178253173828
164,164,64,54,1.9848339557647705
165,165,12,54,1.9998760223388672
166,166,48,54,2.0110931396484375
167,167,20,54,2.0227303504943848
168,168,58,54,2.03381609916687
169,169,12,54,2.0485830307006836
170,170,42,54,2.0601491928100586
171,171,39,54,2.0713160037994385
172,172,50,54,2.086280345916748
173,173,105,54,2.097346782684326
174,174,58,54,2.108358144760132
175,175,45,54,2.119615077972412
176,176,53,54,2.1350159645080566
177,177,84,54,2.14652943611145
178,178,32,54,2.1573128700256348
179,179,59,54,2.169388771057129
180,180,21,54,2.1800389289855957
181,181,37,54,2.1914963722229004
182,182,99,54,2.2025887966156006
183,183,65,54,2.2140350341796875
184,184,59,54,2.228461980819702
185,185,55,54,2.2325985431671143
186,186,55,54,2.2325985431671143
187,187,60,54,2.2643110752105713
188,188,113,54,2.27882719039917
189,189,83,54,2.285991907119751
190,190,37,54,2.3008949756622314
191,191,33,54,2.3122780323028564
192,192,53,54,2.3239128589630127
193,193,35,54,2.3388609886169434
194,194,17,54,2.349632740020752
195,195,40,54,2.361320972442627
196,196,92,54,2.375209093093872
197,197,86,54,2.3794689178466797
198,198,51,54,2.3988778591156006
199,199,125,54,2.409815549850464
200,200,92,54,2.42146897315979
201,201,82,54,2.432389974594116
202,202,56,54,2.4439499378204346
203,203,65,54,2.4590628147125244
204,204,70,54,2.469743013381958
205,205,53,54,2.48445987701416
206,206,54,54,2.4969558715820312
207,207,65,54,2.5018019676208496
208,208,65,54,2.5018019676208496
209,209,65,54,2.5018019676208496
210,210,65,54,2.5018019676208496
211,211,80,54,2.557908058166504
212,212,91,54,2.5688910484313965
213,213,50,54,2.583970785140991
214,214,66,54,2.5948219299316406
215,215,38,54,2.6064400672912598
216,216,70,54,2.62113881111145
217,217,86,54,2.632327079772949
218,218,42,54,2.6443281173706055
219,219,58,54,2.6549341678619385
220,220,80,54,2.6698830127716064
221,221,51,54,2.681391954421997
222,222,69,54,2.6948699951171875
223,223,102,54,2.704909086227417
224,224,112,54,2.7167179584503174
225,225,48,54,2.7310309410095215
226,226,41,54,2.742678165435791
227,227,83,54,2.7573609352111816
228,228,82,54,2.7684388160705566
229,229,54,54,2.7802038192749023
230,230,48,56,2.791049003601074
231,231,58,56,2.805964946746826
232,232,57,56,2.814772367477417
233,233,57,56,2.814772367477417
234,234,57,56,2.814772367477417
235,235,57,56,2.814772367477417
236,236,40,56,2.86850905418396
237,237,148,56,2.879546880722046
238,238,82,56,2.8936867713928223
239,239,36,56,2.901204824447632
240,240,23,56,2.91625714302063
241,241,26,56,2.927309989929199
242,242,66,56,2.9388089179992676
243,243,60,56,2.9539401531219482
244,244,32,56,2.96494197845459
245,245,50,56,2.976449966430664
246,246,55,56,2.9876859188079834
247,247,76,56,2.999037981033325
248,248,68,56,3.013796806335449
249,249,74,56,3.0176761150360107
250,250,57,56,3.0346429347991943
251,251,86,56,3.046065092086792
252,252,121,56,3.0610179901123047
253,253,53,56,3.0723159313201904
254,254,48,56,3.0833189487457275
255,255,-6,56,3.0983781814575195
256,256,33,56,3.110168933868408
257,257,69,56,3.121073007583618
258,258,69,56,3.1331069469451904
259,259,69,56,3.1331069469451904
260,260,69,56,3.1331069469451904
261,261,44,56,3.1685431003570557
262,262,68,56,3.17944598197937
263,263,41,56,3.190316915512085
264,264,74,56,3.205109119415283
265,265,56,56,3.216913938522339
266,266,51,56,3.2272307872772217
267,267,68,56,3.238524913787842
268,268,81,56,3.2499539852142334
269,269,82,56,3.2609384059906006
270,270,13,56,3.27205491065979
271,271,24,56,3.283802032470703
272,272,92,56,3.294693946838379
273,273,82,56,3.3096699714660645
274,274,82,56,3.3171868324279785
275,275,33,56,3.33213210105896
276,276,64,56,3.343783140182495
277,277,23,56,3.354865074157715
278,278,72,56,3.3698320388793945
279,279,98,56,3.38136887550354
280,280,98,56,3.393765926361084
281,281,67,56,3.404951810836792
282,282,69,56,3.415949583053589
283,283,71,56,3.4276928901672363
284,284,60,56,3.4356396198272705
285,285,60,56,3.4356396198272705
286,286,50,56,3.468139171600342
287,287,124,56,3.4807538986206055
288,288,60,56,3.4872939586639404
289,289,51,56,3.5031850337982178
290,290,59,56,3.5148000717163086
291,291,88,56,3.5257208347320557
292,292,50,56,3.540745973587036
293,293,50,56,3.548444986343384
294,294,42,56,3.5607869625091553
295,295,23,56,3.5649831295013428
296,296,23,56,3.5649831295013428
297,297,88,56,3.598123550415039
298,298,85,56,3.6113858222961426
299,299,59,56,3.6212029457092285
300,300,33,56,3.636017084121704
301,301,56,56,3.6475188732147217
302,302,54,56,3.6592040061950684
303,303,56,56,3.670125961303711
304,304,45,56,3.6811139583587646
305,305,44,56,3.696859121322632
306,306,6,56,3.7072949409484863
307,307,40,56,3.7185120582580566
308,308,74,56,3.7300448417663574
309,309,67,56,3.7345049381256104
310,310,67,56,3.7345049381256104
311,311,124,56,3.7685909271240234
312,312,84,61,3.7800889015197754
313,313,49,61,3.791247606277466
314,314,73,61,3.8035268783569336
315,315,69,61,3.814532995223999
316,316,61,61,3.829617977142334
317,317,72,61,3.8411548137664795
318,318,75,61,3.8520519733428955
319,319,56,61,3.8640799522399902
320,320,87,61,3.8745508193969727
321,321,75,61,3.886113405227661
322,322,32,61,3.897057056427002
323,323,84,61,3.909160852432251
324,324,73,61,3.919735908508301
325,325,65,61,3.9315969944000244
326,326,70,61,3.9422099590301514
327,327,45,61,3.953772783279419
328,328,67,61,3.964677095413208
329,329,52,61,3.9764108657836914
330,330,101,61,3.987581968307495
331,331,76,61,3.999091148376465
332,332,68,61,4.015110969543457
333,333,48,61,4.0260329246521
334,334,35,61,4.034878969192505
335,335,35,61,4.034878969192505
336,336,93,61,4.0612969398498535
337,337,104,61,4.076773166656494
338,338,54,61,4.0882251262664795
339,339,45,61,4.093173980712891
340,340,35,61,4.110294818878174
341,341,4,61,4.123934030532837
342,342,74,61,4.134454965591431
343,343,69,61,4.146085977554321
344,344,23,61,4.156486988067627
345,345,51,61,4.170992136001587
346,346,25,61,4.182676076889038
347,347,69,61,4.193526983261108
348,348,44,61,4.20136284828186
349,349,60,61,4.212357044219971
350,350,20,61,4.226999998092651
351,351,81,61,4.2381370067596436
352,352,97,61,4.253063917160034
353,353,37,61,4.264631986618042
354,354,68,61,4.27568793296814
355,355,56,61,4.290440082550049
356,356,73,61,4.298413991928101
357,357,70,61,4.312298059463501
358,358,144,61,4.325677871704102
359,359,100,61,4.332270860671997
360,360,100,61,4.332270860671997
361,361,76,61,4.360950946807861
362,362,55,61,4.376415967941284
363,363,64,61,4.386944770812988
364,364,28,61,4.398391962051392
365,365,68,61,4.4132020473480225
366,366,73,61,4.424225091934204
367,367,67,61,4.435158014297485
368,368,24,61,4.450107097625732
369,369,-7,61,4.460985898971558
370,370,68,61,4.472635984420776
371,371,82,61,4.483563423156738
372,372,50,61,4.495205879211426
373,373,54,61,4.506006956100464
374,374,104,61,4.51724910736084
375,375,56,61,4.531635999679565
376,376,64,61,4.535336971282959
377,377,72,61,4.555194854736328
378,378,114,61,4.566510915756226
379,379,114,61,4.566510915756226
380,380,114,61,4.566510915756226
381,381,85,61,4.603665113449097
382,382,115,61,4.617688894271851
383,383,102,61,4.6280670166015625
384,384,102,61,4.6280670166015625
385,385,115,61,4.655858993530273
386,386,107,61,4.667379856109619
387,387,87,61,4.678603172302246
388,388,49,61,4.689993143081665
389,389,55,61,4.7048749923706055
390,390,51,61,4.71636700630188
391,391,54,61,4.727702856063843
392,392,64,61,4.7419750690460205
393,393,60,61,4.754351854324341
394,394,59,61,4.765007972717285
395,395,69,61,4.776036024093628
396,396,70,74,4.7910315990448
397,397,53,74,4.803130865097046
398,398,73,74,4.813795804977417
399,399,12,74,4.826014995574951
400,400,21,74,4.8365638256073
401,401,37,74,4.8476808071136475
402,402,57,74,4.862438917160034
403,403,65,74,4.873595952987671
404,404,74,74,4.884946346282959
405,405,42,74,4.896371841430664
406,406,81,74,4.9114179611206055
407,407,64,74,4.922456979751587
408,408,100,74,4.93355393409729
409,409,100,74,4.93355393409729
410,410,100,74,4.93355393409729
411,411,100,74,4.93355393409729
412,412,28,74,4.985576868057251
413,413,112,74,4.996438026428223
414,414,69,74,5.007336854934692
415,415,7,74,5.022272348403931
416,416,21,74,5.03473687171936
417,417,35,74,5.044609785079956
418,418,53,74,5.05688214302063
419,419,53,74,5.05688214302063
420,420,53,74,5.05688214302063
421,421,37,74,5.091874122619629
422,422,69,74,5.1025779247283936
423,423,104,74,5.114072799682617
424,424,104,74,5.114072799682617
425,425,114,74,5.137704372406006
426,426,93,74,5.1509552001953125
427,427,66,74,5.163197994232178
428,428,-23,74,5.1744608879089355
429,429,23,74,5.18585991859436
430,430,27,74,5.201075077056885
431,431,-5,74,5.211917877197266
432,432,55,74,5.2237889766693115
433,433,72,74,5.234920024871826
434,434,72,74,5.234920024871826
435,435,84,74,5.262486934661865
436,436,93,74,5.274909019470215
437,437,114,74,5.284759998321533
438,438,74,74,5.295881986618042
439,439,43,74,5.307135105133057
440,440,53,74,5.318588018417358
441,441,7,74,5.330002069473267
442,442,60,74,5.340955972671509
443,443,96,74,5.351228952407837
444,444,87,74,5.366451025009155
445,445,80,74,5.374285936355591
446,446,80,74,5.374285936355591
447,447,52,74,5.3999199867248535
448,448,130,74,5.411075830459595
449,449,56,74,5.426079034805298
450,450,34,74,5.437077045440674
451,451,103,74,5.447112798690796
452,452,88,74,5.4626688957214355
453,453,77,74,5.474519968032837
454,454,120,74,5.4870710372924805
455,455,130,74,5.492823123931885
456,456,130,74,5.492823123931885
457,457,130,74,5.492823123931885
458,458,130,74,5.492823123931885
459,459,130,74,5.492823123931885
460,460,86,74,5.5578930377960205
461,461,60,74,5.569462776184082
462,462,60,74,5.569462776184082
463,463,87,74,5.597376823425293
464,464,76,74,5.6102821826934814
465,465,6,74,5.6233298778533936
466,466,-5,74,5.633794784545898
467,467,20,74,5.6447529792785645
468,468,20,74,5.655083894729614
469,469,0,74,5.668982982635498
470,470,82,74,5.67997407913208
471,471,82,74,5.67997407913208
472,472,82,74,5.67997407913208
473,473,85,74,5.714648962020874
474,474,60,74,5.724043846130371
475,475,93,74,5.73443078994751
476,476,98,74,5.737888813018799
477,477,42,74,5.759350776672363
478,478,102,74,5.767761945724487
479,479,88,74,5.7776877880096436
480,480,88,74,5.7776877880096436
481,481,88,74,5.7776877880096436
482,482,25,74,5.82255482673645
483,483,38,74,5.83325982093811
484,484,34,74,5.836505889892578
485,485,34,74,5.836505889892578
486,486,34,74,5.836505889892578
487,487,34,74,5.836505889892578
488,488,34,74,5.836505889892578
489,489,25,74,5.9069859981536865
490,490,41,74,5.912657976150513
491,491,41,74,5.912657976150513
492,492,41,74,5.912657976150513
493,493,41,74,5.912657976150513
494,494,44,74,5.968355894088745
495,495,84,74,5.97948694229126
496,496,69,74,5.9907989501953125
497,497,7,74,6.005717992782593
498,498,-14,74,6.017259836196899
499,499,-21,74,6.028908967971802
500,500,7,74,6.040467023849487
501,501,38,74,6.0509889125823975
502,502,106,74,6.062817811965942
503,503,112,74,6.076926946640015
504,504,103,74,6.089109182357788
505,505,66,74,6.099761962890625
506,506,34,74,6.111441135406494
507,507,28,74,6.122302055358887
508,508,55,74,6.134441137313843
509,509,55,74,6.134441137313843
510,510,55,74,6.134441137313843
511,511,56,74,6.1649250984191895
512,512,114,74,6.179734945297241
513,513,104,74,6.187268972396851
514,514,44,74,6.202749967575073
515,515,49,74,6.213739395141602
516,516,49,74,6.218204975128174
517,517,39,74,6.2370829582214355
518,518,81,74,6.249314785003662
519,519,84,74,6.259137868881226
520,520,75,74,6.270128965377808
521,521,25,74,6.2809717655181885
522,522,76,74,6.295916795730591
523,523,83,74,6.307299613952637
524,524,27,74,6.32227897644043
525,525,45,74,6.3331379890441895
526,526,66,74,6.34495997428894
527,527,38,74,6.356475114822388
528,528,58,74,6.367524147033691
529,529,85,74,6.37534499168396
530,530,85,74,6.37534499168396
531,531,118,74,6.403055906295776
532,532,98,74,6.416738986968994
533,533,98,74,6.416738986968994
534,534,98,74,6.416738986968994
535,535,88,74,6.450602054595947
536,536,100,74,6.461558818817139
537,537,100,74,6.461558818817139
538,538,100,74,6.461558818817139
539,539,100,74,6.461558818817139
540,540,100,74,6.461558818817139
541,541,115,74,6.5223939418792725
542,542,88,74,6.535995006561279
543,543,37,74,6.54392409324646
544,544,37,74,6.54392409324646
545,545,37,74,6.54392409324646
546,546,1,74,6.583784103393555
547,547,1,74,6.583784103393555
548,548,45,74,6.60598087310791
549,549,48,74,6.620678901672363
550,550,54,74,6.628210067749023
551,551,25,74,6.642777919769287
552,552,26,74,6.654744863510132
553,553,26,74,6.654744863510132
554,554,22,74,6.680778980255127
555,555,102,74,6.694339990615845
556,556,75,74,6.706870794296265
557,557,71,74,6.718475818634033
558,558,29,74,6.729873180389404
559,559,26,74,6.734508991241455
560,560,26,74,6.734508991241455
561,561,28,74,6.766482353210449
562,562,108,69,6.779819965362549
563,563,35,69,6.791109085083008
564,564,33,69,6.8023681640625
565,565,37,69,6.817270040512085
566,566,45,69,6.8288798332214355
567,567,39,69,6.839775085449219
568,568,100,69,6.851115942001343
569,569,81,69,6.859488010406494
570,570,113,69,6.876406192779541
571,571,71,69,6.883846998214722
572,572,60,69,6.898493051528931
573,573,54,69,6.909761905670166
574,574,52,69,6.921000003814697
575,575,65,69,6.936414957046509
576,576,55,69,6.947251081466675
577,577,59,69,6.95919394493103
578,578,64,69,6.971487045288086
579,579,67,69,6.982627868652344
580,580,81,69,6.993531942367554
581,581,21,69,7.005127906799316
582,582,93,69,7.0201170444488525
583,583,55,69,7.030817985534668
584,584,67,69,7.035735845565796
585,585,67,69,7.035735845565796
586,586,39,69,7.06580376625061
587,587,86,69,7.081249952316284
588,588,55,69,7.09227180480957
589,589,72,69,7.1059730052948
590,590,72,69,7.1059730052948
591,591,87,69,7.130242824554443
592,592,97,69,7.140128135681152
593,593,73,69,7.154780864715576
594,594,20,69,7.165956974029541
595,595,33,69,7.1770100593566895
596,596,28,69,7.1881349086761475
597,597,21,69,7.199720859527588
598,598,42,69,7.214709997177124
599,599,76,69,7.226067066192627
600,600,69,69,7.237263917922974
601,601,56,69,7.2485671043396
602,602,102,69,7.260158061981201
603,603,75,69,7.270884990692139
604,604,48,69,7.281811952590942
605,605,52,69,7.293470859527588
606,606,82,69,7.304800033569336
607,607,88,69,7.3158299922943115
608,608,76,69,7.33256196975708
609,609,91,69,7.3360230922698975
610,610,91,69,7.3360230922698975
611,611,77,69,7.365033149719238
612,612,71,69,7.376163005828857
613,613,70,69,7.387781620025635
614,614,68,69,7.401878118515015
615,615,-1,69,7.413470983505249
616,616,41,69,7.428563833236694
617,617,58,69,7.439478874206543
618,618,50,69,7.450996398925781
619,619,73,69,7.461856365203857
620,620,80,69,7.477025985717773
621,621,71,69,7.489719867706299
622,622,45,69,7.497734069824219
623,623,45,69,7.514894008636475
624,624,48,69,7.526043891906738
625,625,103,69,7.537152051925659
626,626,92,69,7.548443078994751
627,627,51,69,7.563897609710693
628,628,33,69,7.574650049209595
629,629,80,69,7.588937044143677
630,630,49,69,7.600257158279419
631,631,42,69,7.610936880111694
632,632,43,69,7.622577905654907
633,633,42,69,7.6351001262664795
634,634,42,69,7.6351001262664795
635,635,32,69,7.657691955566406
636,636,29,69,7.668555974960327
637,637,44,69,7.683647394180298
638,638,52,69,7.694628000259399
639,639,69,69,7.7058939933776855
640,640,45,69,7.71757960319519
641,641,80,69,7.728413820266724
642,642,54,69,7.743478775024414
643,643,39,69,7.7549519538879395
644,644,68,69,7.765955924987793
645,645,87,69,7.777825117111206
646,646,83,70,7.792338848114014
647,647,51,70,7.800193786621094
648,648,52,70,7.811084985733032
649,649,66,70,7.826044082641602
650,650,70,70,7.836902856826782
651,651,60,70,7.850492000579834
652,652,56,70,7.861532926559448
653,653,84,70,7.868982553482056
654,654,84,70,7.868982553482056
655,655,84,70,7.868982553482056
656,656,40,70,7.911495923995972
657,657,109,70,7.92458701133728
658,658,116,70,7.930566072463989
659,659,116,70,7.930566072463989
660,660,116,70,7.930566072463989
661,661,48,70,7.972555875778198
662,662,96,70,7.986275911331177
663,663,76,70,7.997665166854858
664,664,76,70,7.997665166854858
665,665,76,70,7.997665166854858
666,666,40,70,8.036980867385864
667,667,103,70,8.047457933425903
668,668,61,70,8.058768033981323
669,669,61,70,8.058768033981323
670,670,61,70,8.058768033981323
671,671,80,70,8.09509015083313
672,672,132,70,8.107311964035034
673,673,83,70,8.113838911056519
674,674,83,70,8.113838911056519
675,675,83,70,8.113838911056519
676,676,41,70,8.156574010848999
677,677,76,70,8.17008900642395
678,678,65,70,8.181298971176147
679,679,22,70,8.196022748947144
680,680,33,70,8.206845045089722
681,681,20,70,8.21760892868042
682,682,43,70,8.22842788696289
683,683,56,70,8.232944965362549
684,684,71,70,8.256110906600952
685,685,39,70,8.267226934432983
686,686,85,70,8.277416944503784
687,687,85,70,8.277416944503784
688,688,50,70,8.305052042007446
689,689,44,70,8.316803932189941
690,690,69,70,8.331641912460327
691,691,16,70,8.342229843139648
692,692,10,70,8.353665590286255
693,693,39,70,8.364715576171875
694,694,33,70,8.3796968460083
695,695,11,70,8.391528844833374
696,696,38,70,8.402233839035034
697,697,27,70,8.416213989257812
698,698,33,70,8.426744937896729
699,699,76,70,8.441257953643799
700,700,83,70,8.452275037765503
701,701,67,70,8.463984966278076
702,702,85,70,8.479067087173462
703,703,74,70,8.490025043487549
704,704,64,70,8.501376867294312
705,705,51,70,8.513752937316895
706,706,51,70,8.526457071304321
707,707,51,70,8.526457071304321
708,708,29,70,8.550891160964966
709,709,90,70,8.559467792510986
710,710,104,70,8.575692892074585
711,711,77,70,8.587898969650269
712,712,76,70,8.598153829574585
713,713,44,70,8.612821817398071
714,714,72,70,8.624180793762207
715,715,36,70,8.638784170150757
716,716,60,70,8.649868965148926
717,717,13,70,8.661754846572876
718,718,69,70,8.676390171051025
719,719,59,70,8.687203884124756
720,720,64,70,8.698928833007812
721,721,68,70,8.711302042007446
722,722,52,70,8.72264814376831
723,723,39,70,8.737260818481445
724,724,44,70,8.748542070388794
725,725,34,70,8.760213375091553
726,726,-2,70,8.77492356300354
727,727,3,70,8.778895616531372
728,728,55,60,8.797508001327515
729,729,115,60,8.808426141738892
730,730,60,60,8.820262908935547
731,731,66,60,8.830488920211792
732,732,66,60,8.830488920211792
733,733,56,60,8.8574538230896
734,734,84,60,8.872332572937012
735,735,91,60,8.883259057998657
736,736,106,60,8.894373178482056
737,737,70,60,8.90566611289978
738,738,82,60,8.917184114456177
739,739,75,60,8.9285888671875
740,740,54,60,8.939954042434692
741,741,28,60,8.950994968414307
742,742,75,60,8.962013006210327
743,743,64,60,8.973886013031006
744,744,48,60,8.984691143035889
745,745,5,60,8.995930910110474
746,746,76,60,9.011229038238525
747,747,83,60,9.022464752197266
748,748,83,60,9.035518884658813
749,749,68,60,9.046036005020142
750,750,66,60,9.057758092880249
751,751,82,60,9.068453073501587
752,752,69,60,9.083478927612305
753,753,35,60,9.095080852508545
754,754,108,60,9.105970859527588
755,755,74,60,9.117604970932007
756,756,32,60,9.128031969070435
757,757,73,60,9.133054971694946
758,758,73,60,9.133054971694946
759,759,61,60,9.167203903198242
760,760,123,60,9.178226947784424
761,761,81,60,9.193161010742188
762,762,72,60,9.20424485206604
763,763,96,60,9.212263822555542
764,764,96,60,9.212263822555542
765,765,42,60,9.238096952438354
766,766,82,60,9.249344825744629
767,767,58,60,9.260576009750366
768,768,19,60,9.271910905838013
769,769,34,60,9.283306360244751
770,770,53,60,9.29437804222107
771,771,59,60,9.30647897720337
772,772,54,60,9.310842037200928
773,773,54,60,9.310842037200928
774,774,74,60,9.342757940292358
775,775,103,60,9.353108167648315
776,776,58,60,9.364346027374268
777,777,16,60,9.375746965408325
778,778,32,60,9.386859893798828
779,779,48,60,9.398486137390137
780,780,82,60,9.413952827453613
781,781,92,60,9.417855024337769
782,782,92,60,9.417855024337769
783,783,92,60,9.417855024337769
784,784,92,60,9.417855024337769
785,785,59,60,9.468342065811157
786,786,124,60,9.484668016433716
787,787,54,60,9.494337797164917
788,788,11,60,9.509371995925903
789,789,54,60,9.520617008209229
790,790,27,60,9.53217887878418
791,791,40,60,9.543670177459717
792,792,91,60,9.555130958557129
793,793,122,60,9.566025972366333
794,794,85,60,9.58077597618103
795,795,71,60,9.59196400642395
796,796,37,60,9.604058027267456
797,797,29,60,9.614721775054932
798,798,104,60,9.626484870910645
799,799,82,60,9.640079975128174
800,800,54,60,9.651417970657349
801,801,70,60,9.662283182144165
802,802,25,60,9.67719578742981
803,803,56,60,9.688644886016846
804,804,38,60,9.699705600738525
805,805,83,60,9.71138310432434
806,806,54,60,9.726231575012207
807,807,71,60,9.734721899032593
808,808,71,60,9.734721899032593
809,809,102,60,9.761244058609009
810,810,86,60,9.771813869476318
811,811,120,57,9.787400007247925
812,812,29,57,9.798578023910522
813,813,86,57,9.809953927993774
814,814,108,57,9.820966958999634
815,815,82,57,9.832205772399902
816,816,6,57,9.843884944915771
817,817,32,57,9.858493089675903
818,818,54,57,9.870429039001465
819,819,70,57,9.88091516494751
820,820,71,57,9.892225980758667
821,821,38,57,9.903851747512817
822,822,51,57,9.918701887130737
823,823,37,57,9.929718017578125
824,824,45,57,9.941045045852661
825,825,35,57,9.956218004226685
826,826,32,57,9.967230796813965
827,827,86,57,9.979334115982056
828,828,84,57,9.990422010421753
829,829,49,57,10.000975131988525
830,830,96,57,10.015941858291626
831,831,61,57,10.027105808258057
832,832,58,57,10.035085916519165
833,833,58,57,10.035085916519165
834,834,58,57,10.035085916519165
835,835,58,57,10.035085916519165
836,836,67,57,10.084861993789673
837,837,98,57,10.099866151809692
838,838,69,57,10.111012935638428
839,839,13,57,10.122642040252686
840,840,50,57,10.136590957641602
841,841,25,57,10.147879838943481
842,842,12,57,10.158501863479614
843,843,45,57,10.170308113098145
844,844,59,57,10.181153059005737
845,845,91,57,10.196021795272827
846,846,98,57,10.207666158676147
847,847,131,57,10.218688011169434
848,848,65,57,10.23331904411316
849,849,68,57,10.246383905410767
850,850,49,57,10.257199048995972
851,851,54,57,10.268816947937012
852,852,67,57,10.27965497970581
853,853,56,57,10.294708967208862
854,854,75,57,10.30235481262207
855,855,100,57,10.317180871963501
856,856,26,57,10.328744888305664
857,857,48,57,10.332662105560303
858,858,48,57,10.332662105560303
859,859,75,57,10.366215944290161
860,860,102,57,10.379297971725464
861,861,102,57,10.379297971725464
862,862,50,57,10.404496908187866
863,863,42,57,10.41559100151062
864,864,76,57,10.42687177658081
865,865,8,57,10.438287019729614
866,866,-19,57,10.450812816619873
867,867,16,57,10.461329936981201
868,868,55,57,10.471415996551514
869,869,53,57,10.478877067565918
870,870,53,57,10.478877067565918
871,871,53,57,10.478877067565918
872,872,112,57,10.523621797561646
873,873,98,57,10.534548044204712
874,874,98,57,10.544687032699585
875,875,49,57,10.55962085723877
876,876,49,57,10.55962085723877
877,877,49,57,10.55962085723877
878,878,57,57,10.595643043518066
879,879,83,57,10.609455823898315
880,880,64,57,10.62030816078186
881,881,64,57,10.62030816078186
882,882,64,57,10.62030816078186
883,883,35,57,10.659809112548828
884,884,23,57,10.663545846939087
885,885,23,57,10.663545846939087
886,886,23,57,10.663545846939087
887,887,25,57,10.710325002670288
888,888,34,57,10.722702026367188
889,889,80,57,10.732591152191162
890,890,69,57,10.743785858154297
891,891,5,57,10.751662969589233
892,892,5,57,10.751662969589233
893,893,5,57,10.751662969589233
894,894,9,57,10.793080806732178
895,895,98,57,10.807273387908936
896,896,70,57,10.810236930847168
897,897,18,57,10.827467918395996
898,898,97,57,10.840205907821655
899,899,48,57,10.849706172943115
900,900,45,57,10.863914012908936
901,901,71,57,10.875120878219604
902,902,35,57,10.885833024978638
903,903,70,57,10.897417068481445
904,904,84,57,10.908429861068726
905,905,59,57,10.92359209060669
906,906,64,57,10.93616795539856
907,907,64,57,10.93616795539856
908,908,59,57,10.959823608398438
909,909,61,57,10.973836898803711
910,910,50,57,10.984760999679565
911,911,43,57,10.995921850204468
912,912,66,57,11.01094913482666
913,913,75,57,11.022384881973267
914,914,68,57,11.037750959396362
915,915,82,57,11.0484619140625
916,916,56,57,11.059883832931519
917,917,74,57,11.07221508026123
918,918,77,57,11.083169937133789
919,919,50,57,11.09499192237854
920,920,75,57,11.105963945388794
921,921,58,57,11.12097692489624
922,922,29,57,11.132688999176025
923,923,84,57,11.143460035324097
924,924,76,57,11.15861988067627
925,925,67,57,11.170604944229126
926,926,84,57,11.1824049949646
927,927,64,57,11.193477869033813
928,928,82,57,11.205183029174805
929,929,64,57,11.215973138809204
930,930,51,57,11.227394819259644
931,931,48,57,11.23517394065857
932,932,48,57,11.23517394065857
933,933,19,57,11.266026973724365
934,934,119,57,11.278310060501099
935,935,69,57,11.288310050964355
936,936,64,57,11.299592971801758
937,937,20,57,11.311328172683716
938,938,17,57,11.322041988372803
939,939,32,57,11.337690114974976
940,940,28,57,11.354665040969849
941,941,85,57,11.367225885391235
942,942,80,57,11.377524137496948
943,943,54,57,11.388690948486328
944,944,73,57,11.403995990753174
945,945,48,57,11.414699077606201
946,946,11,57,11.426010847091675
947,947,33,57,11.440982341766357
948,948,37,57,11.452586889266968
949,949,28,57,11.463495969772339
950,950,25,57,11.474647998809814
951,951,100,57,11.488901853561401
952,952,101,57,11.49976396560669
953,953,104,57,11.511270999908447
954,954,112,57,11.522123098373413
955,955,112,57,11.522123098373413
956,956,112,57,11.522123098373413
957,957,92,57,11.558807611465454
958,958,88,57,11.562521934509277
959,959,88,57,11.562521934509277
960,960,88,57,11.562521934509277
961,961,88,57,11.562521934509277
962,962,56,57,11.619466066360474
963,963,88,57,11.6303231716156
964,964,53,57,11.63746690750122
965,965,53,57,11.63746690750122
966,966,53,57,11.63746690750122
967,967,3,57,11.677494764328003
968,968,3,57,11.677494764328003
969,969,3,57,11.677494764328003
970,970,3,57,11.677494764328003
971,971,103,57,11.729411840438843
972,972,77,57,11.739748001098633
973,973,84,57,11.744985103607178
974,974,84,57,11.744985103607178
975,975,84,57,11.744985103607178
976,976,2,57,11.785804986953735
977,977,71,57,11.79991888999939
978,978,48,57,11.807495832443237
979,979,48,57,11.807495832443237
980,980,48,57,11.807495832443237
981,981,32,57,11.840609073638916
982,982,32,57,11.840609073638916
983,983,32,57,11.840609073638916
984,984,32,57,11.840609073638916
985,985,32,57,11.840609073638916
986,986,32,57,11.840609073638916
987,987,89,57,11.92007303237915
988,988,100,57,11.931911945343018
989,989,37,57,11.935033082962036
990,990,9,57,11.95478892326355
991,991,77,57,11.9685800075531
992,992,65,57,11.972548007965088
993,993,48,57,11.993233919143677
994,994,32,57,12.0038480758667
995,995,59,57,12.014925956726074
996,996,42,57,12.026096820831299
997,997,12,57,12.037428140640259
998,998,12,57,12.04845404624939
999,999,28,57,12.063661813735962
1000,1000,53,57,12.075159788131714
1001,1001,76,57,12.08597707748413
1002,1002,103,57,12.100074052810669
1003,1003,69,57,12.11136794090271
1004,1004,122,57,12.125578165054321
1005,1005,96,57,12.132144927978516
1006,1006,96,57,12.132144927978516
1007,1007,96,57,12.132144927978516
1008,1008,96,57,12.132144927978516
1009,1009,96,57,12.132144927978516
1010,1010,49,57,12.197412967681885
1011,1011,48,57,12.201460123062134
1012,1012,48,57,12.201460123062134
1013,1013,48,57,12.201460123062134
1014,1014,36,57,12.2466299533844
1015,1015,51,57,12.255840063095093
1016,1016,8,57,12.269642114639282
1017,1017,20,57,12.279994010925293
1018,1018,-22,57,12.29446792602539
1019,1019,7,57,12.30498480796814
1020,1020,87,57,12.312413930892944
1021,1021,87,57,12.312413930892944
1022,1022,55,57,12.345571994781494
1023,1023,11,57,12.355138778686523
1024,1024,83,57,12.369946956634521
1025,1025,38,57,12.380836009979248
1026,1026,36,57,12.395234823226929
1027,1027,43,57,12.4061279296875
1028,1028,49,57,12.413676977157593
1029,1029,49,57,12.413676977157593
1030,1030,49,57,12.413676977157593
1031,1031,43,57,12.454324007034302
1032,1032,20,57,12.46119213104248
1033,1033,20,57,12.46119213104248
1034,1034,20,57,12.46119213104248
1035,1035,118,57,12.50743579864502
1036,1036,90,57,12.519775152206421
1037,1037,86,57,12.52866792678833
1038,1038,69,57,12.532541036605835
1039,1039,69,57,12.532541036605835
1040,1040,35,57,12.568681955337524
1041,1041,58,57,12.579676866531372
1042,1042,10,57,12.591274976730347
1043,1043,10,57,12.591274976730347
1044,1044,10,57,12.591274976730347
1045,1045,25,57,12.632504940032959
1046,1046,8,57,12.642967939376831
1047,1047,106,57,12.65510892868042
1048,1048,97,57,12.667300939559937
1049,1049,93,57,12.67863416671753
1050,1050,80,57,12.689719915390015
1051,1051,68,57,12.702023983001709
1052,1052,123,57,12.71329379081726
1053,1053,100,57,12.72461986541748
1054,1054,120,57,12.732844829559326
1055,1055,120,57,12.732844829559326
1056,1056,49,57,12.763832569122314
1057,1057,41,57,12.773329019546509
1058,1058,56,50,12.785722970962524
1059,1059,-35,50,12.797638893127441
1060,1060,20,50,12.811285018920898
1061,1061,45,50,12.821372985839844
1062,1062,66,50,12.835009098052979
1063,1063,83,50,12.846138954162598
1064,1064,91,50,12.849942922592163
1065,1065,91,50,12.849942922592163
1066,1066,91,50,12.849942922592163
1067,1067,32,50,12.894532918930054
1068,1068,106,50,12.905188798904419
1069,1069,24,50,12.918929815292358
1070,1070,45,50,12.929404020309448
1071,1071,37,50,12.94118595123291
1072,1072,37,50,12.94118595123291
1073,1073,37,50,12.94118595123291
1074,1074,21,50,12.981845140457153
1075,1075,55,50,12.992745161056519
1076,1076,21,50,13.003696918487549
1077,1077,21,50,13.003696918487549
1078,1078,21,50,13.003696918487549
1079,1079,27,50,13.0366849899292
1080,1080,27,50,13.0366849899292
1081,1081,27,50,13.0366849899292
1082,1082,27,50,13.0366849899292
1083,1083,27,50,13.0366849899292
1084,1084,97,50,13.106844902038574
1085,1085,105,50,13.11943793296814
1086,1086,103,50,13.128803968429565
1087,1087,103,50,13.128803968429565
1088,1088,103,50,13.128803968429565
1089,1089,49,50,13.168136835098267
1090,1090,75,50,13.175851821899414
1091,1091,92,50,13.179895877838135
1092,1092,82,50,13.2022225856781
1093,1093,73,50,13.217273950576782
1094,1094,53,50,13.228328943252563
1095,1095,93,50,13.240173101425171
1096,1096,40,50,13.250488996505737
1097,1097,12,50,13.258425951004028
1098,1098,45,50,13.277273178100586
1099,1099,114,50,13.287938833236694
1100,1100,36,50,13.299370050430298
1101,1101,17,50,13.310807943344116
1102,1102,72,50,13.32353687286377
1103,1103,40,50,13.334949016571045
1104,1104,40,50,13.334949016571045
1105,1105,68,50,13.358680963516235
1106,1106,73,50,13.369485855102539
1107,1107,88,50,13.381267070770264
1108,1108,104,50,13.392215967178345
1109,1109,18,50,13.407181978225708
1110,1110,16,50,13.418523073196411
1111,1111,25,50,13.429594993591309
1112,1112,92,50,13.441308975219727
1113,1113,58,50,13.452138423919678
1114,1114,74,50,13.463777780532837
1115,1115,69,50,13.478859186172485
1116,1116,73,50,13.489684104919434
1117,1117,72,50,13.501521825790405
1118,1118,26,50,13.512180805206299
1119,1119,80,50,13.520896434783936
1120,1120,59,50,13.536046981811523
1121,1121,16,50,13.547417879104614
1122,1122,33,50,13.558636903762817
1123,1123,84,50,13.570712804794312
1124,1124,28,50,13.584662914276123
1125,1125,113,50,13.596627950668335
1126,1126,69,50,13.60716700553894
1127,1127,84,50,13.61841893196106
1128,1128,25,50,13.634753942489624
1129,1129,25,50,13.634753942489624
1130,1130,32,50,13.657424926757812
1131,1131,70,50,13.668256998062134
1132,1132,105,50,13.679334878921509
1133,1133,89,50,13.6943519115448
1134,1134,10,50,13.705600023269653
1135,1135,25,50,13.717164993286133
1136,1136,45,50,13.729043006896973
1137,1137,51,50,13.740363597869873
1138,1138,45,50,13.751107931137085
1139,1139,35,50,13.76612377166748
1140,1140,72,50,13.777552843093872
1141,1141,77,56,13.788379907608032
1142,1142,65,56,13.800158977508545
1143,1143,72,56,13.811152935028076
1144,1144,20,56,13.826085090637207
1145,1145,35,56,13.837140083312988
1146,1146,74,56,13.852205991744995
1147,1147,103,56,13.863115549087524
1148,1148,88,56,13.874644994735718
1149,1149,128,56,13.885968923568726
1150,1150,97,56,13.897636890411377
1151,1151,101,56,13.910807132720947
1152,1152,60,56,13.92255187034607
1153,1153,92,56,13.93337607383728
1154,1154,92,56,13.93337607383728
1155,1155,88,56,13.962419986724854
1156,1156,66,56,13.97306203842163
1157,1157,118,56,13.9842848777771
1158,1158,68,56,13.995545864105225
1159,1159,18,56,14.007365942001343
1160,1160,50,56,14.022346019744873
1161,1161,40,56,14.036890029907227
1162,1162,64,56,14.04744815826416
1163,1163,58,56,14.058799028396606
1164,1164,54,56,14.073739767074585
1165,1165,34,56,14.084534168243408
1166,1166,29,56,14.096266984939575
1167,1167,57,56,14.107083797454834
1168,1168,54,56,14.118757009506226
1169,1169,11,56,14.129604816436768
1170,1170,66,56,14.142496824264526
1171,1171,99,56,14.157601118087769
1172,1172,74,56,14.168154954910278
1173,1173,39,56,14.179267883300781
1174,1174,36,56,14.190876960754395
1175,1175,54,56,14.20329213142395
1176,1176,54,56,14.20329213142395
1177,1177,54,56,14.20329213142395
1178,1178,54,56,14.20329213142395
1179,1179,32,56,14.255717039108276
1180,1180,83,56,14.266315937042236
1181,1181,93,56,14.277014970779419
1182,1182,28,56,14.2882719039917
1183,1183,42,56,14.299737930297852
1184,1184,50,56,14.311129808425903
1185,1185,69,56,14.322580337524414
1186,1186,69,56,14.33041000366211
1187,1187,69,56,14.33041000366211
1188,1188,76,56,14.3593270778656
1189,1189,124,56,14.373615980148315
1190,1190,128,56,14.377439975738525
1191,1191,128,56,14.377439975738525
1192,1192,128,56,14.377439975738525
1193,1193,77,56,14.419533967971802
1194,1194,49,56,14.433648109436035
1195,1195,8,56,14.441251993179321
1196,1196,8,56,14.441251993179321
1197,1197,8,56,14.441251993179321
1198,1198,6,56,14.483790159225464
1199,1199,112,56,14.494940042495728
1200,1200,87,56,14.498697996139526
1201,1201,36,56,14.516392946243286
1202,1202,77,56,14.526538372039795
1203,1203,77,56,14.526538372039795
1204,1204,77,56,14.526538372039795
1205,1205,77,56,14.526538372039795
1206,1206,77,56,14.526538372039795
1207,1207,77,56,14.526538372039795
1208,1208,18,56,14.604976892471313
1209,1209,43,56,14.611735820770264
1210,1210,43,56,14.611735820770264
1211,1211,43,56,14.611735820770264
1212,1212,43,56,14.611735820770264
1213,1213,43,56,14.611735820770264
1214,1214,65,56,14.679318189620972
1215,1215,50,56,14.68881893157959
1216,1216,38,56,14.702678918838501
1217,1217,17,56,14.713762998580933
1218,1218,17,56,14.713762998580933
1219,1219,17,56,14.713762998580933
1220,1220,25,56,14.753399133682251
1221,1221,18,56,14.76115894317627
1222,1222,58,56,14.779070854187012
1223,1223,100,64,14.790971994400024
1224,1224,44,64,14.803905963897705
1225,1225,57,64,14.814615964889526
1226,1226,24,64,14.829433917999268
1227,1227,48,64,14.833887815475464
1228,1228,48,64,14.833887815475464
1229,1229,48,64,14.833887815475464
1230,1230,23,64,14.87856388092041
1231,1231,104,64,14.89193081855774
1232,1232,59,64,14.896080017089844
1233,1233,59,64,14.896080017089844
1234,1234,59,64,14.896080017089844
1235,1235,3,64,14.939438581466675
1236,1236,116,64,14.953598022460938
1237,1237,87,64,14.957382917404175
1238,1238,87,64,14.957382917404175
1239,1239,87,64,14.957382917404175
1240,1240,56,64,14.997534990310669
1241,1241,56,64,14.997534990310669
1242,1242,56,64,14.997534990310669
1243,1243,36,64,15.039191961288452
1244,1244,92,64,15.052467107772827
1245,1245,44,64,15.063685894012451
1246,1246,25,64,15.074436902999878
1247,1247,49,64,15.08917498588562
1248,1248,17,64,15.10063886642456
1249,1249,26,64,15.115803956985474
1250,1250,44,64,15.127066135406494
1251,1251,69,64,15.135318756103516
1252,1252,69,64,15.135318756103516
1253,1253,74,64,15.162686109542847
1254,1254,34,64,15.177302122116089
1255,1255,72,64,15.181427955627441
1256,1256,39,64,15.200346946716309
1257,1257,101,64,15.211265087127686
1258,1258,38,64,15.222362995147705
1259,1259,44,64,15.23330307006836
1260,1260,6,64,15.244854927062988
1261,1261,75,64,15.256014585494995
1262,1262,52,64,15.2674880027771
1263,1263,53,64,15.282068967819214
1264,1264,75,64,15.293184757232666
1265,1265,58,64,15.304305791854858
1266,1266,83,64,15.319293022155762
1267,1267,56,64,15.330433130264282
1268,1268,32,64,15.342173099517822
1269,1269,55,64,15.35316514968872
1270,1270,59,64,15.367525100708008
1271,1271,38,64,15.378768920898438
1272,1272,58,64,15.393501043319702
1273,1273,22,64,15.404515981674194
1274,1274,34,64,15.416371822357178
1275,1275,103,64,15.427218914031982
1276,1276,91,64,15.435385942459106
1277,1277,91,64,15.435385942459106
1278,1278,80,64,15.465052843093872
1279,1279,113,64,15.478575944900513
1280,1280,76,64,15.490869998931885
1281,1281,42,64,15.502478837966919
1282,1282,67,64,15.513458967208862
1283,1283,32,64,15.529111862182617
1284,1284,60,64,15.539820909500122
1285,1285,87,64,15.551277875900269
1286,1286,70,64,15.562067985534668
1287,1287,18,64,15.575021982192993
1288,1288,48,64,15.585891962051392
1289,1289,86,64,15.597675085067749
1290,1290,58,64,15.610795974731445
1291,1291,58,64,15.610795974731445
1292,1292,58,64,15.610795974731445
1293,1293,58,64,15.610795974731445
1294,1294,58,64,15.610795974731445
1295,1295,58,64,15.610795974731445
1296,1296,58,64,15.610795974731445
1297,1297,114,64,15.69391393661499
1298,1298,113,64,15.703619956970215
1299,1299,53,64,15.714952945709229
1300,1300,53,64,15.714952945709229
1301,1301,53,64,15.714952945709229
1302,1302,48,64,15.75180983543396
1303,1303,34,64,15.761744022369385
1304,1304,34,64,15.761744022369385
1305,1305,34,64,15.761744022369385
1306,1306,34,64,15.761744022369385
1307,1307,34,64,15.761744022369385
1308,1308,34,64,15.761744022369385
1309,1309,121,66,15.837440013885498
1310,1310,24,66,15.848537921905518
1311,1311,37,66,15.853970050811768
1312,1312,37,66,15.853970050811768
1313,1313,37,66,15.853970050811768
1314,1314,57,66,15.89368200302124
1315,1315,43,66,15.897355794906616
1316,1316,134,66,15.92110013961792
1317,1317,70,66,15.930457592010498
1318,1318,50,66,15.943227052688599
1319,1319,-1,66,15.954416036605835
1320,1320,49,66,15.968768119812012
1321,1321,42,66,15.980259895324707
1322,1322,3,66,15.99095892906189
1323,1323,48,66,16.001834869384766
1324,1324,50,66,16.01285195350647
1325,1325,22,66,16.022671937942505
1326,1326,59,66,16.035586833953857
1327,1327,59,66,16.035586833953857
1328,1328,59,66,16.035586833953857
1329,1329,72,66,16.070515155792236
1330,1330,51,66,16.080427169799805
1331,1331,97,66,16.088840007781982
1332,1332,97,66,16.088840007781982
1333,1333,97,66,16.088840007781982
1334,1334,92,66,16.133641958236694
1335,1335,120,66,16.146434783935547
1336,1336,70,66,16.158686876296997
1337,1337,70,66,16.158686876296997
1338,1338,70,66,16.158686876296997
1339,1339,72,66,16.195058345794678
1340,1340,64,66,16.204412937164307
1341,1341,88,66,16.20883083343506
1342,1342,88,66,16.20883083343506
1343,1343,93,66,16.243127822875977
1344,1344,24,66,16.256251096725464
1345,1345,48,66,16.267175912857056
1346,1346,44,66,16.27102494239807
1347,1347,44,66,16.27102494239807
1348,1348,50,66,16.306653022766113
1349,1349,129,66,16.31936001777649
1350,1350,82,66,16.33007001876831
1351,1351,81,66,16.334603786468506
1352,1352,91,66,16.35702085494995
1353,1353,25,66,16.36771559715271
1354,1354,64,66,16.379202842712402
1355,1355,-2,66,16.393370866775513
1356,1356,1,66,16.404649019241333
1357,1357,12,66,16.41662096977234
1358,1358,45,66,16.42737603187561
1359,1359,44,66,16.438402891159058
1360,1360,64,66,16.4532208442688
1361,1361,55,66,16.457969903945923
1362,1362,53,66,16.478068113327026
1363,1363,162,66,16.49116086959839
1364,1364,43,66,16.50404691696167
1365,1365,6,66,16.51489281654358
1366,1366,51,66,16.52596116065979
1367,1367,45,66,16.537533044815063
1368,1368,42,66,16.552500009536743
1369,1369,48,66,16.563624143600464
1370,1370,77,66,16.575037002563477
1371,1371,71,66,16.585824012756348
1372,1372,66,66,16.598959922790527
1373,1373,91,66,16.60964298248291
1374,1374,76,66,16.621579885482788
1375,1375,73,66,16.632838010787964
1376,1376,73,66,16.632838010787964
1377,1377,54,66,16.660982370376587
1378,1378,65,66,16.671835899353027
1379,1379,84,66,16.683090925216675
1380,1380,48,66,16.697211027145386
1381,1381,67,66,16.708545923233032
1382,1382,48,66,16.71963405609131
1383,1383,50,66,16.734625816345215
1384,1384,76,66,16.74638605117798
1385,1385,61,66,16.757447957992554
1386,1386,36,66,16.77091908454895
1387,1387,43,70,16.784255981445312
1388,1388,53,70,16.796133041381836
1389,1389,75,70,16.809818029403687
1390,1390,93,70,16.822019815444946
1391,1391,117,70,16.832111835479736
1392,1392,74,70,16.84360098838806
1393,1393,48,70,16.854632139205933
1394,1394,39,70,16.86968684196472
1395,1395,45,70,16.88133215904236
1396,1396,69,70,16.89253878593445
1397,1397,69,70,16.89253878593445
1398,1398,99,70,16.918680906295776
1399,1399,65,70,16.929544925689697
1400,1400,66,70,16.934523105621338
1401,1401,66,70,16.934523105621338
1402,1402,45,70,16.966674089431763
1403,1403,85,70,16.97754955291748
1404,1404,23,70,16.992223024368286
1405,1405,57,70,17.000123023986816
1406,1406,57,70,17.000123023986816
1407,1407,76,70,17.02794098854065
1408,1408,129,70,17.04339909553528
1409,1409,73,70,17.05338406562805
1410,1410,35,70,17.06832504272461
1411,1411,36,70,17.07961392402649
1412,1412,87,70,17.090838193893433
1413,1413,73,70,17.098646879196167
1414,1414,69,70,17.113412857055664
1415,1415,80,70,17.1276798248291
1416,1416,76,70,17.135149002075195
1417,1417,86,70,17.147012948989868
1418,1418,44,70,17.161667108535767
1419,1419,29,70,17.172942876815796
1420,1420,49,70,17.183687925338745
1421,1421,65,70,17.194851875305176
1422,1422,60,70,17.20917797088623
1423,1423,82,70,17.220046997070312
1424,1424,87,70,17.2310848236084
1425,1425,106,70,17.235313892364502
1426,1426,106,70,17.235313892364502
1427,1427,69,70,17.269134998321533
1428,1428,108,70,17.280423164367676
1429,1429,61,70,17.291787147521973
1430,1430,26,70,17.30246090888977
1431,1431,81,70,17.318355798721313
1432,1432,97,70,17.328665018081665
1433,1433,50,70,17.339480876922607
1434,1434,24,70,17.354543924331665
1435,1435,32,70,17.365849018096924
1436,1436,26,70,17.377573013305664
1437,1437,51,70,17.392494916915894
1438,1438,85,70,17.40326690673828
1439,1439,65,70,17.41796374320984
1440,1440,93,70,17.429601907730103
1441,1441,90,70,17.44059991836548
1442,1442,114,70,17.45586395263672
1443,1443,48,70,17.467052936553955
1444,1444,25,70,17.478173971176147
1445,1445,54,70,17.48997688293457
1446,1446,57,70,17.50088095664978
1447,1447,67,70,17.515614986419678
1448,1448,54,70,17.52733302116394
1449,1449,77,70,17.53533959388733
1450,1450,77,70,17.53533959388733
1451,1451,73,70,17.562657117843628
1452,1452,88,70,17.573025226593018
1453,1453,102,70,17.584706783294678
1454,1454,43,70,17.595796823501587
1455,1455,48,70,17.611173152923584
1456,1456,48,70,17.621785879135132
1457,1457,77,70,17.633310079574585
1458,1458,100,70,17.648600101470947
1459,1459,87,70,17.659482955932617
1460,1460,43,70,17.67114496231079
1461,1461,73,70,17.68211007118225
1462,1462,98,70,17.693789958953857
1463,1463,74,70,17.708707094192505
1464,1464,99,70,17.71982192993164
1465,1465,23,70,17.734302043914795
1466,1466,5,70,17.739213943481445
1467,1467,56,70,17.756808042526245
1468,1468,102,70,17.763834953308105
1469,1469,65,74,17.77864909172058
1470,1470,75,74,17.789650917053223
1471,1471,65,74,17.80088233947754
1472,1472,69,74,17.812554836273193
1473,1473,41,74,17.823023080825806
1474,1474,37,74,17.83495593070984
1475,1475,37,74,17.83495593070984
1476,1476,58,74,17.863100051879883
1477,1477,169,74,17.87420916557312
1478,1478,146,74,17.885551929473877
1479,1479,90,74,17.900887966156006
1480,1480,43,74,17.912408113479614
1481,1481,57,74,17.924540042877197
1482,1482,51,74,17.936140537261963
1483,1483,64,74,17.951435089111328
1484,1484,61,74,17.96202778816223
1485,1485,50,74,17.973534107208252
1486,1486,27,74,17.988335847854614
1487,1487,55,74,17.99992084503174
1488,1488,17,74,18.013750076293945
1489,1489,19,74,18.01396107673645
1490,1490,21,74,18.037169933319092
1491,1491,75,74,18.047500133514404
1492,1492,150,74,18.05846381187439
1493,1493,42,74,18.069808959960938
1494,1494,52,74,18.084671020507812
1495,1495,7,74,18.096565008163452
1496,1496,64,74,18.10709309577942
1497,1497,81,74,18.118749141693115
1498,1498,83,74,18.129075050354004
1499,1499,90,74,18.134016752243042
1500,1500,90,74,18.134016752243042
1501,1501,135,74,18.169579029083252
1502,1502,123,74,18.18005657196045
1503,1503,85,74,18.19301438331604
1504,1504,106,74,18.20425796508789
1505,1505,-6,74,18.21930718421936
1506,1506,3,74,18.23133897781372
1507,1507,53,74,18.242518186569214
1508,1508,49,74,18.257318019866943
1509,1509,39,74,18.26827883720398
1510,1510,56,74,18.27993893623352
1511,1511,54,74,18.294952869415283
1512,1512,50,74,18.305690050125122
1513,1513,98,74,18.31728196144104
1514,1514,87,74,18.33227300643921
1515,1515,59,74,18.343036890029907
1516,1516,52,74,18.355062007904053
1517,1517,70,74,18.369866132736206
1518,1518,61,74,18.37804388999939
1519,1519,68,74,18.394930839538574
1520,1520,74,74,18.405907154083252
1521,1521,72,74,18.417073965072632
1522,1522,44,74,18.428049087524414
1523,1523,48,74,18.433118104934692
1524,1524,48,74,18.433118104934692
1525,1525,37,74,18.463634967803955
1526,1526,123,74,18.479013919830322
1527,1527,86,74,18.489601850509644
1528,1528,59,74,18.500863790512085
1529,1529,23,74,18.51623797416687
1530,1530,19,74,18.527244806289673
1531,1531,50,74,18.53891086578369
1532,1532,32,74,18.553849935531616
1533,1533,54,74,18.564640998840332
1534,1534,104,74,18.5759699344635
1535,1535,84,74,18.5912868976593
1536,1536,82,74,18.60213589668274
1537,1537,85,74,18.6138699054718
1538,1538,42,74,18.628751039505005
1539,1539,48,74,18.641108989715576
1540,1540,71,74,18.652536869049072
1541,1541,49,74,18.663411140441895
1542,1542,70,74,18.675254821777344
1543,1543,42,74,18.685832023620605
1544,1544,59,74,18.697006940841675
1545,1545,116,74,18.712126970291138
1546,1546,57,74,18.724040031433105
1547,1547,97,74,18.735318899154663
1548,1548,97,74,18.735318899154663
1549,1549,82,74,18.758736848831177
1550,1550,45,74,18.768901109695435
1551,1551,84,57,18.78368878364563
1552,1552,45,57,18.794602870941162
1553,1553,12,57,18.809627056121826
1554,1554,22,57,18.820827960968018
1555,1555,27,57,18.83248996734619
1556,1556,60,57,18.843387842178345
1557,1557,21,57,18.858453035354614
1558,1558,50,57,18.870272397994995
1559,1559,40,57,18.880810022354126
1560,1560,74,57,18.892459869384766
1561,1561,106,57,18.903335094451904
1562,1562,86,57,18.91841197013855
1563,1563,41,57,18.930199146270752
1564,1564,55,57,18.940823078155518
1565,1565,51,57,18.955461025238037
1566,1566,69,57,18.967034101486206
1567,1567,88,57,18.977969884872437
1568,1568,106,57,18.989832162857056
1569,1569,25,57,19.004573106765747
1570,1570,54,57,19.01514720916748
1571,1571,75,57,19.019845008850098
1572,1572,75,57,19.019845008850098
1573,1573,77,57,19.053206205368042
1574,1574,77,57,19.053206205368042
1575,1575,77,57,19.053206205368042
1576,1576,77,57,19.053206205368042
1577,1577,98,57,19.104055881500244
1578,1578,101,57,19.11321783065796
1579,1579,76,57,19.12832498550415
1580,1580,3,57,19.139567852020264
1581,1581,-5,57,19.150704860687256
1582,1582,20,57,19.16628384590149
1583,1583,20,57,19.16628384590149
1584,1584,20,57,19.16628384590149
1585,1585,6,57,19.20169758796692
1586,1586,6,57,19.20169758796692
1587,1587,6,57,19.20169758796692
1588,1588,6,57,19.20169758796692
1589,1589,16,57,19.24773097038269
1590,1590,68,57,19.25480890274048
1591,1591,68,57,19.25480890274048
1592,1592,68,57,19.25480890274048
1593,1593,68,57,19.25480890274048
1594,1594,84,57,19.309226989746094
1595,1595,66,57,19.31986117362976
1596,1596,21,57,19.326457023620605
1597,1597,21,57,19.326457023620605
1598,1598,21,57,19.326457023620605
1599,1599,3,57,19.364771604537964
1600,1600,42,57,19.381201028823853
1601,1601,54,57,19.39310598373413
1602,1602,9,57,19.404648065567017
1603,1603,70,57,19.415585041046143
1604,1604,23,57,19.43046283721924
1605,1605,39,57,19.441977977752686
1606,1606,27,57,19.45380210876465
1607,1607,27,57,19.45380210876465
1608,1608,35,57,19.4792001247406
1609,1609,70,57,19.49263834953308
1610,1610,80,57,19.502017974853516
1611,1611,53,57,19.517075061798096
1612,1612,64,57,19.528013944625854
1613,1613,16,57,19.53945541381836
1614,1614,28,57,19.554635763168335
1615,1615,49,57,19.565528869628906
1616,1616,49,57,19.577050924301147
1617,1617,58,57,19.587996006011963
1618,1618,116,57,19.600059986114502
1619,1619,100,57,19.614901065826416
1620,1620,133,57,19.625980854034424
1621,1621,100,57,19.633901119232178
1622,1622,100,57,19.633901119232178
1623,1623,100,57,19.633901119232178
1624,1624,90,57,19.677480936050415
1625,1625,41,57,19.688954830169678
1626,1626,102,57,19.700361013412476
1627,1627,93,57,19.714524030685425
1628,1628,13,57,19.725560903549194
1629,1629,27,57,19.736894845962524
1630,1630,7,57,19.74802589416504
1631,1631,57,57,19.763143062591553
1632,1632,80,57,19.774252891540527
1633,1633,71,47,19.789455890655518
1634,1634,42,47,19.79996919631958
1635,1635,74,47,19.81114912033081
1636,1636,9,47,19.825788021087646
1637,1637,60,47,19.837028980255127
1638,1638,104,47,19.848328113555908
1639,1639,16,47,19.860005617141724
1640,1640,81,47,19.870965003967285
1641,1641,49,47,19.882570028305054
1642,1642,59,47,19.897647619247437
1643,1643,33,47,19.90831184387207
1644,1644,106,47,19.91963505744934
1645,1645,67,47,19.93509316444397
1646,1646,67,47,19.93509316444397
1647,1647,69,47,19.960090160369873
1648,1648,69,47,19.971025943756104
1649,1649,97,47,19.982105016708374
1650,1650,52,47,19.997130870819092
1651,1651,56,47,20.00848078727722
1652,1652,67,47,20.01998257637024
1653,1653,33,47,20.030858039855957
1654,1654,68,47,20.042452096939087
1655,1655,68,47,20.053373098373413
1656,1656,71,47,20.06857991218567
1657,1657,60,47,20.07986807823181
1658,1658,100,47,20.0950129032135
1659,1659,87,47,20.105817079544067
1660,1660,82,47,20.117123126983643
1661,1661,43,47,20.128737926483154
1662,1662,-8,47,20.139805793762207
1663,1663,75,47,20.15469193458557
1664,1664,71,47,20.16621994972229
1665,1665,90,47,20.176412105560303
1666,1666,105,47,20.19111680984497
1667,1667,43,47,20.202657222747803
1668,1668,17,47,20.213671922683716
1669,1669,-1,47,20.224629402160645
1670,1670,40,47,20.233351945877075
1671,1671,40,47,20.233351945877075
1672,1672,40,47,20.233351945877075
1673,1673,40,47,20.233351945877075
1674,1674,115,47,20.286799907684326
1675,1675,106,47,20.291019201278687
1676,1676,97,47,20.30953884124756
1677,1677,70,47,20.3210129737854
1678,1678,70,47,20.335851907730103
1679,1679,92,47,20.34716296195984
1680,1680,53,47,20.358952045440674
1681,1681,24,47,20.37369680404663
1682,1682,57,47,20.38429307937622
1683,1683,72,47,20.399253129959106
1684,1684,89,47,20.410701990127563
1685,1685,58,47,20.421287059783936
1686,1686,44,47,20.435837984085083
1687,1687,54,47,20.447601079940796
1688,1688,75,47,20.462098360061646
1689,1689,49,47,20.46961283683777
1690,1690,51,47,20.484764337539673
1691,1691,54,47,20.496180772781372
1692,1692,16,47,20.50708794593811
1693,1693,108,47,20.518651962280273
1694,1694,82,47,20.52997899055481
1695,1695,72,47,20.53332805633545
1696,1696,72,47,20.53332805633545
1697,1697,41,47,20.564513206481934
1698,1698,75,47,20.579407930374146
1699,1699,65,47,20.589715003967285
1700,1700,76,47,20.601150035858154
1701,1701,57,47,20.612009048461914
1702,1702,81,47,20.62331986427307
1703,1703,65,47,20.63490581512451
1704,1704,41,47,20.64597988128662
1705,1705,48,47,20.657423973083496
1706,1706,59,47,20.668395042419434
1707,1707,56,47,20.684049129486084
1708,1708,65,47,20.695218086242676
1709,1709,59,47,20.706071615219116
1710,1710,51,47,20.717667818069458
1711,1711,22,47,20.728986024856567
1712,1712,22,47,20.728986024856567
1713,1713,67,47,20.75452160835266
1714,1714,98,47,20.76791000366211
1715,1715,70,50,20.779960870742798
1716,1716,35,50,20.790753841400146
1717,1717,34,50,20.80550193786621
1718,1718,70,50,20.817084074020386
1719,1719,29,50,20.828166007995605
1720,1720,60,50,20.833150148391724
1721,1721,60,50,20.833150148391724
1722,1722,66,50,20.86294412612915
1723,1723,93,50,20.8779559135437
1724,1724,34,50,20.889251947402954
1725,1725,27,50,20.903685092926025
1726,1726,44,50,20.914947986602783
1727,1727,67,50,20.92590594291687
1728,1728,65,50,20.93828320503235
1729,1729,69,50,20.950765132904053
1730,1730,74,50,20.96191096305847
1731,1731,96,50,20.972970008850098
1732,1732,64,50,20.987966060638428
1733,1733,99,50,20.998620986938477
1734,1734,107,50,21.009912967681885
1735,1735,112,50,21.020790338516235
1736,1736,58,50,21.03595805168152
1737,1737,36,50,21.047289609909058
1738,1738,88,50,21.058737993240356
1739,1739,41,50,21.073558807373047
1740,1740,72,50,21.084584951400757
1741,1741,72,50,21.097057104110718
1742,1742,42,50,21.108258962631226
1743,1743,18,50,21.12235403060913
1744,1744,52,50,21.133636951446533
1745,1745,52,50,21.133636951446533
1746,1746,12,50,21.157430410385132
1747,1747,105,50,21.173335075378418
1748,1748,105,50,21.183295011520386
1749,1749,83,50,21.19565987586975
1750,1750,36,50,21.21108317375183
1751,1751,6,50,21.222191095352173
1752,1752,72,50,21.233267068862915
1753,1753,45,50,21.24458885192871
1754,1754,1,50,21.255948543548584
1755,1755,97,50,21.26732873916626
1756,1756,104,50,21.27830481529236
1757,1757,36,50,21.293833017349243
1758,1758,57,50,21.30545711517334
1759,1759,57,50,21.30545711517334
1760,1760,38,50,21.33154296875
1761,1761,105,50,21.341205835342407
1762,1762,93,50,21.355804920196533
1763,1763,43,50,21.367061138153076
1764,1764,32,50,21.378678798675537
1765,1765,32,50,21.386085987091064
1766,1766,32,50,21.386085987091064
1767,1767,32,50,21.414432048797607
1768,1768,75,50,21.431036949157715
1769,1769,75,50,21.431036949157715
1770,1770,75,50,21.431036949157715
1771,1771,75,50,21.431036949157715
1772,1772,41,50,21.47807002067566
1773,1773,103,50,21.48855710029602
1774,1774,89,50,21.492232084274292
1775,1775,89,50,21.492232084274292
1776,1776,89,50,21.492232084274292
1777,1777,73,50,21.53844690322876
1778,1778,115,50,21.54877996444702
1779,1779,80,50,21.556293964385986
1780,1780,80,50,21.556293964385986
1781,1781,80,50,21.556293964385986
1782,1782,49,50,21.5959370136261
1783,1783,96,50,21.606407165527344
1784,1784,58,50,21.61728000640869
1785,1785,50,50,21.6210458278656
1786,1786,50,50,21.6210458278656
1787,1787,61,50,21.65734314918518
1788,1788,119,50,21.670759916305542
1789,1789,36,50,21.680783987045288
1790,1790,-22,50,21.69199800491333
1791,1791,-22,50,21.695044994354248
1792,1792,-22,50,21.695044994354248
1793,1793,-22,50,21.695044994354248
1794,1794,-22,50,21.695044994354248
1795,1795,17,50,21.757238388061523
1796,1796,86,50,21.769899129867554
1797,1797,86,35,21.78230595588684
1798,1798,86,35,21.78230595588684
1799,1799,86,35,21.78230595588684
1800,1800,12,35,21.81965398788452
1801,1801,50,35,21.830743074417114
1802,1802,83,35,21.841003894805908
1803,1803,50,35,21.84480094909668
1804,1804,32,35,21.866353034973145
1805,1805,23,35,21.879605770111084
1806,1806,81,35,21.88725709915161
1807,1807,81,35,21.88725709915161
1808,1808,81,35,21.88725709915161
1809,1809,74,35,21.922832012176514
1810,1810,81,35,21.93636989593506
1811,1811,80,35,21.94732975959778
1812,1812,80,35,21.94732975959778
1813,1813,80,35,21.94732975959778
1814,1814,55,35,21.985837936401367
1815,1815,56,35,21.99712300300598
1816,1816,106,35,22.00733995437622
1817,1817,106,35,22.00733995437622
1818,1818,106,35,22.00733995437622
1819,1819,102,35,22.04373598098755
1820,1820,61,35,22.053972005844116
1821,1821,61,35,22.053972005844116
1822,1822,84,35,22.082823038101196
1823,1823,44,35,22.092232942581177
1824,1824,70,35,22.10690712928772
1825,1825,33,35,22.11751699447632
1826,1826,16,35,22.131948947906494
1827,1827,1,35,22.14356303215027
1828,1828,32,35,22.15455389022827
1829,1829,44,35,22.16595196723938
1830,1830,21,35,22.17697501182556
1831,1831,23,35,22.19209599494934
1832,1832,28,35,22.203661918640137
1833,1833,49,35,22.214135885238647
1834,1834,80,35,22.219191789627075
1835,1835,65,35,22.236474990844727
1836,1836,120,35,22.251163005828857
1837,1837,117,35,22.262313842773438
1838,1838,59,35,22.273216009140015
1839,1839,-2,35,22.28466558456421
1840,1840,53,35,22.296011209487915
1841,1841,55,35,22.310954809188843
1842,1842,69,35,22.322635889053345
1843,1843,64,35,22.331995010375977
1844,1844,64,35,22.331995010375977
1845,1845,53,35,22.356982946395874
1846,1846,80,35,22.36815094947815
1847,1847,134,35,22.379395008087158
1848,1848,88,35,22.3904128074646
1849,1849,67,35,22.405465126037598
1850,1850,28,35,22.41707491874695
1851,1851,48,35,22.428502082824707
1852,1852,36,35,22.440178871154785
1853,1853,70,35,22.45523691177368
1854,1854,42,35,22.465582132339478
1855,1855,55,35,22.47987985610962
1856,1856,69,35,22.49129295349121
1857,1857,76,35,22.50201678276062
1858,1858,68,35,22.51364493370056
1859,1859,85,35,22.526094913482666
1860,1860,86,35,22.540133953094482
1861,1861,48,35,22.551294088363647
1862,1862,67,35,22.565903902053833
1863,1863,43,35,22.576887607574463
1864,1864,28,35,22.588352918624878
1865,1865,96,35,22.603690147399902
1866,1866,96,35,22.61452317237854
1867,1867,28,35,22.628196001052856
1868,1868,51,35,22.634833097457886
1869,1869,51,35,22.634833097457886
1870,1870,51,35,22.634833097457886
1871,1871,51,35,22.634833097457886
1872,1872,74,35,22.691494941711426
1873,1873,154,35,22.703938961029053
1874,1874,59,35,22.714723587036133
1875,1875,80,35,22.725882053375244
1876,1876,56,35,22.740843057632446
1877,1877,55,35,22.74842882156372
1878,1878,60,35,22.762921810150146
1879,1879,37,35,22.774486780166626
1880,1880,50,41,22.785403966903687
1881,1881,53,41,22.79737687110901
1882,1882,82,41,22.81165599822998
1883,1883,22,41,22.822152853012085
1884,1884,57,41,22.83732318878174
1885,1885,36,41,22.848408937454224
1886,1886,52,41,22.86000108718872
1887,1887,41,41,22.874617099761963
1888,1888,155,41,22.88418698310852
1889,1889,104,41,22.89650797843933
1890,1890,89,41,22.90733504295349
1891,1891,69,41,22.91846513748169
1892,1892,70,41,22.929311990737915
1893,1893,68,41,22.93290638923645
1894,1894,68,41,22.93290638923645
1895,1895,43,41,22.964869022369385
1896,1896,114,41,22.979542016983032
1897,1897,97,41,22.990833044052124
1898,1898,39,41,23.002065181732178
1899,1899,56,41,23.013384103775024
1900,1900,27,41,23.028299570083618
1901,1901,51,41,23.040409088134766
1902,1902,44,41,23.051126956939697
1903,1903,53,41,23.06589388847351
1904,1904,88,41,23.077929973602295
1905,1905,33,41,23.088255405426025
1906,1906,68,41,23.099518060684204
1907,1907,71,41,23.111176013946533
1908,1908,54,41,23.121984004974365
1909,1909,60,41,23.13376808166504
1910,1910,49,41,23.144165992736816
1911,1911,44,41,23.159200191497803
1912,1912,50,41,23.170870780944824
1913,1913,77,41,23.18166184425354
1914,1914,87,41,23.193202018737793
1915,1915,106,41,23.208712100982666
1916,1916,53,41,23.219727993011475
1917,1917,96,41,23.231591939926147
1918,1918,96,41,23.23574209213257
1919,1919,96,41,23.23574209213257
1920,1920,57,41,23.266904830932617
1921,1921,97,41,23.281858921051025
1922,1922,73,41,23.29352617263794
1923,1923,73,41,23.29352617263794
1924,1924,36,41,23.31905484199524
1925,1925,130,41,23.330010890960693
1926,1926,85,41,23.340962886810303
1927,1927,29,41,23.352336883544922
1928,1928,54,41,23.363298177719116
1929,1929,51,41,23.37464213371277
1930,1930,57,41,23.38636612892151
1931,1931,41,41,23.397298097610474
1932,1932,36,41,23.412060976028442
1933,1933,33,41,23.423665046691895
1934,1934,53,41,23.434725999832153
1935,1935,55,41,23.44686198234558
1936,1936,91,41,23.45836877822876
1937,1937,86,41,23.469146013259888
1938,1938,71,41,23.480731964111328
1939,1939,39,41,23.494996786117554
1940,1940,53,41,23.49909210205078
1941,1941,0,41,23.5175199508667
1942,1942,59,41,23.528115034103394
1943,1943,68,41,23.53251600265503
1944,1944,68,41,23.53251600265503
1945,1945,73,41,23.565707206726074
1946,1946,114,41,23.580251932144165
1947,1947,58,41,23.592198133468628
1948,1948,92,41,23.603267908096313
1949,1949,68,41,23.614574909210205
1950,1950,11,41,23.625871896743774
1951,1951,19,41,23.640820026397705
1952,1952,38,41,23.65213704109192
1953,1953,36,41,23.666454792022705
1954,1954,51,41,23.67722511291504
1955,1955,51,41,23.68878698348999
1956,1956,54,41,23.697569131851196
1957,1957,54,41,23.697569131851196
1958,1958,73,41,23.72556185722351
1959,1959,83,41,23.736350059509277
1960,1960,85,41,23.747380018234253
1961,1961,34,41,23.761480808258057
1962,1962,71,41,23.77274775505066
1963,1963,65,41,23.779725074768066
1964,1964,64,61,23.795275926589966
1965,1965,76,61,23.809552907943726
1966,1966,74,61,23.821092128753662
1967,1967,22,61,23.832479000091553
1968,1968,22,61,23.832479000091553
1969,1969,32,61,23.859330892562866
1970,1970,119,61,23.87224006652832
1971,1971,104,61,23.88076400756836
1972,1972,56,61,23.892277002334595
1973,1973,2,61,23.907008171081543
1974,1974,55,61,23.918519973754883
1975,1975,23,61,23.929525136947632
1976,1976,92,61,23.944538831710815
1977,1977,85,61,23.956108808517456
1978,1978,64,61,23.967339754104614
1979,1979,91,61,23.978665113449097
1980,1980,105,61,23.99368405342102
1981,1981,65,61,24.004507064819336
1982,1982,73,61,24.015805959701538
1983,1983,28,61,24.03094506263733
1984,1984,50,61,24.04236388206482
1985,1985,70,61,24.053532123565674
1986,1986,76,61,24.064985990524292
1987,1987,103,61,24.079977989196777
1988,1988,76,61,24.090776920318604
1989,1989,49,61,24.102236032485962
1990,1990,49,61,24.113188982009888
1991,1991,109,61,24.124858140945435
1992,1992,101,61,24.13352608680725
1993,1993,101,61,24.13352608680725
1994,1994,101,61,24.13352608680725
1995,1995,101,61,24.13352608680725
1996,1996,87,61,24.184621810913086
1997,1997,122,61,24.195493936538696
1998,1998,58,61,24.209882974624634
1999,1999,45,61,24.221699953079224
2000,2000,48,61,24.232139587402344
2001,2001,83,61,24.24716281890869
2002,2002,55,61,24.258225917816162
2003,2003,66,61,24.26948380470276
2004,2004,40,61,24.284286975860596
2005,2005,68,61,24.29454803466797
2006,2006,28,61,24.306030988693237
2007,2007,55,61,24.317017078399658
2008,2008,66,61,24.32841992378235
2009,2009,69,61,24.343364000320435
2010,2010,43,61,24.354998350143433
2011,2011,49,61,24.365728855133057
2012,2012,44,61,24.37607192993164
2013,2013,26,61,24.390358924865723
2014,2014,32,61,24.40100598335266
2015,2015,69,61,24.412856578826904
2016,2016,56,61,24.42741894721985
2017,2017,32,61,24.43566393852234
2018,2018,32,61,24.43566393852234
2019,2019,27,61,24.463161945343018
2020,2020,82,61,24.474849224090576
2021,2021,32,61,24.48954701423645
2022,2022,55,61,24.50074815750122
2023,2023,76,61,24.515745878219604
2024,2024,56,61,24.527433156967163
2025,2025,59,61,24.53849196434021
2026,2026,68,61,24.549882173538208
2027,2027,96,61,24.564793825149536
2028,2028,89,61,24.573128938674927
2029,2029,89,61,24.59065890312195
2030,2030,60,61,24.60230588912964
2031,2031,81,61,24.613290071487427
2032,2032,66,61,24.624528884887695
2033,2033,38,61,24.639479875564575
2034,2034,39,61,24.65114402770996
2035,2035,60,61,24.6619610786438
2036,2036,42,61,24.67663836479187
2037,2037,65,61,24.688977003097534
2038,2038,13,61,24.699609994888306
2039,2039,102,61,24.71174693107605
2040,2040,105,61,24.722019910812378
2041,2041,76,61,24.734698057174683
2042,2042,76,61,24.734698057174683
2043,2043,76,61,24.734698057174683
2044,2044,76,61,24.734698057174683
2045,2045,76,61,24.734698057174683
2046,2046,76,61,24.734698057174683
2047,2047,120,61,24.808246850967407
2048,2048,96,66,24.817636013031006
2049,2049,96,66,24.817636013031006
2050,2050,96,66,24.817636013031006
2051,2051,96,66,24.817636013031006
2052,2052,67,66,24.86944007873535
2053,2053,28,66,24.883114337921143
2054,2054,22,66,24.88724684715271
2055,2055,22,66,24.88724684715271
2056,2056,22,66,24.88724684715271
2057,2057,105,66,24.933530807495117
2058,2058,57,66,24.942276000976562
2059,2059,57,66,24.942276000976562
2060,2060,57,66,24.942276000976562
2061,2061,65,66,24.980626106262207
2062,2062,32,66,24.990702867507935
2063,2063,68,66,25.00555992126465
2064,2064,23,66,25.016438961029053
2065,2065,33,66,25.02721381187439
2066,2066,25,66,25.035310983657837
2067,2067,25,66,25.035310983657837
2068,2068,24,66,25.067179918289185
2069,2069,74,66,25.07953119277954
2070,2070,20,66,25.09232807159424
2071,2071,59,66,25.103871822357178
2072,2072,59,66,25.103871822357178
2073,2073,59,66,25.103871822357178
2074,2074,50,66,25.14139485359192
2075,2075,82,66,25.1510751247406
2076,2076,87,66,25.165982007980347
2077,2077,87,66,25.165982007980347
2078,2078,87,66,25.165982007980347
2079,2079,90,66,25.205994844436646
2080,2080,42,66,25.21856188774109
2081,2081,42,66,25.21856188774109
2082,2082,42,66,25.21856188774109
2083,2083,32,66,25.255417108535767
2084,2084,118,66,25.268011808395386
2085,2085,75,66,25.278520822525024
2086,2086,75,66,25.278520822525024
2087,2087,75,66,25.278520822525024
2088,2088,86,66,25.317016124725342
2089,2089,65,66,25.327790021896362
2090,2090,112,66,25.336199045181274
2091,2091,112,66,25.336199045181274
2092,2092,106,66,25.361891984939575
2093,2093,20,66,25.376953840255737
2094,2094,81,66,25.38443613052368
2095,2095,22,66,25.398830890655518
2096,2096,-2,66,25.410732984542847
2097,2097,-2,66,25.410732984542847
2098,2098,-18,66,25.43304681777954
2099,2099,87,66,25.446433782577515
2100,2100,67,66,25.45714807510376
2101,2101,49,66,25.46100378036499
2102,2102,49,66,25.46100378036499
2103,2103,36,66,25.49649691581726
2104,2104,59,66,25.50730586051941
2105,2105,59,66,25.50730586051941
2106,2106,59,66,25.50730586051941
2107,2107,59,66,25.50730586051941
2108,2108,24,66,25.556505918502808
2109,2109,77,66,25.567198991775513
2110,2110,50,66,25.57498788833618
2111,2111,50,66,25.57498788833618
2112,2112,50,66,25.57498788833618
2113,2113,88,66,25.61923384666443
2114,2114,73,66,25.629768133163452
2115,2115,81,66,25.632907152175903
2116,2116,81,66,25.632907152175903
2117,2117,81,66,25.632907152175903
2118,2118,81,66,25.632907152175903
2119,2119,87,66,25.694255828857422
2120,2120,22,66,25.707278966903687
2121,2121,51,66,25.716887950897217
2122,2122,7,66,25.722277879714966
2123,2123,7,66,25.722277879714966
2124,2124,7,66,25.722277879714966
2125,2125,96,66,25.767712831497192
2126,2126,107,83,25.778494834899902
2127,2127,60,83,25.782580375671387
2128,2128,60,83,25.782580375671387
2129,2129,54,83,25.816673040390015
2130,2130,86,83,25.83085298538208
2131,2131,73,83,25.833667993545532
2132,2132,73,83,25.833667993545532
2133,2133,73,83,25.833667993545532
2134,2134,90,83,25.877794981002808
2135,2135,87,83,25.891293048858643
2136,2136,90,83,25.902360916137695
2137,2137,83,83,25.916359901428223
2138,2138,75,83,25.920042991638184
2139,2139,75,83,25.920042991638184
2140,2140,75,83,25.920042991638184
2141,2141,41,83,25.965275049209595
2142,2142,85,83,25.976118087768555
2143,2143,76,83,25.98371386528015
2144,2144,51,83,26.002525091171265
2145,2145,122,83,26.01626205444336
2146,2146,130,83,26.01998257637024
2147,2147,130,83,26.01998257637024
2148,2148,130,83,26.01998257637024
2149,2149,130,83,26.01998257637024
2150,2150,82,83,26.075836896896362
2151,2151,82,83,26.075836896896362
2152,2152,82,83,26.075836896896362
2153,2153,82,83,26.075836896896362
2154,2154,132,83,26.12348699569702
2155,2155,53,83,26.13435697555542
2156,2156,4,83,26.145377159118652
2157,2157,32,83,26.159569025039673
2158,2158,16,83,26.17072606086731
2159,2159,9,83,26.1784930229187
2160,2160,49,83,26.193744897842407
2161,2161,12,83,26.204491138458252
2162,2162,51,83,26.21878409385681
2163,2163,52,83,26.228717803955078
2164,2164,68,83,26.234138011932373
2165,2165,68,83,26.234138011932373
2166,2166,67,83,26.267815113067627
2167,2167,96,83,26.278990983963013
2168,2168,76,83,26.294196844100952
2169,2169,36,83,26.305256366729736
2170,2170,50,83,26.316272020339966
2171,2171,36,83,26.33069682121277
2172,2172,52,83,26.341161966323853
2173,2173,89,83,26.355785131454468
2174,2174,101,83,26.368175983428955
2175,2175,101,83,26.368175983428955
2176,2176,101,83,26.368175983428955
2177,2177,93,83,26.400053024291992
2178,2178,72,83,26.41448402404785
2179,2179,42,83,26.424821376800537
2180,2180,27,83,26.43915104866028
2181,2181,53,83,26.450637817382812
2182,2182,32,83,26.461687803268433
2183,2183,40,83,26.473179817199707
2184,2184,72,83,26.48411989212036
2185,2185,49,83,26.49570107460022
2186,2186,80,83,26.51075315475464
2187,2187,86,83,26.521445989608765
2188,2188,66,83,26.5327091217041
2189,2189,67,83,26.53648018836975
2190,2190,67,83,26.53648018836975
2191,2191,112,83,26.572044849395752
2192,2192,58,83,26.583387851715088
2193,2193,43,83,26.594337940216064
2194,2194,51,83,26.60563588142395
2195,2195,45,83,26.620723009109497
2196,2196,39,83,26.632291078567505
2197,2197,54,83,26.64573884010315
2198,2198,123,83,26.657253980636597
2199,2199,123,83,26.657253980636597
2200,2200,123,83,26.657253980636597
2201,2201,123,83,26.657253980636597
2202,2202,123,83,26.657253980636597
2203,2203,58,83,26.715686082839966
2204,2204,130,83,26.72874641418457
2205,2205,112,83,26.737252950668335
2206,2206,112,83,26.737252950668335
2207,2207,112,83,26.737252950668335
2208,2208,74,83,26.776751041412354
2209,2209,104,88,26.787462949752808
2210,2210,53,88,26.794783115386963
2211,2211,53,88,26.794783115386963
2212,2212,53,88,26.794783115386963
2213,2213,83,88,26.831401109695435
2214,2214,83,88,26.831401109695435
2215,2215,83,88,26.831401109695435
2216,2216,101,88,26.87375497817993
2217,2217,45,88,26.886515378952026
2218,2218,55,88,26.89692497253418
2219,2219,54,88,26.908321619033813
2220,2220,24,88,26.923424005508423
2221,2221,52,88,26.933687925338745
2222,2222,51,88,26.948315143585205
2223,2223,28,88,26.960027933120728
2224,2224,13,88,26.970741987228394
2225,2225,72,88,26.981985092163086
2226,2226,40,88,26.99328088760376
2227,2227,42,88,27.00821805000305
2228,2228,55,88,27.019851207733154
2229,2229,58,88,27.034600019454956
2230,2230,45,88,27.04535436630249
2231,2231,49,88,27.056801080703735
2232,2232,50,88,27.0679030418396
2233,2233,60,88,27.08298087120056
2234,2234,76,88,27.094692945480347
2235,2235,68,88,27.109548568725586
2236,2236,52,88,27.120763778686523
2237,2237,59,88,27.131572008132935
2238,2238,59,88,27.131572008132935
2239,2239,59,88,27.131572008132935
2240,2240,61,88,27.16686201095581
2241,2241,123,88,27.182039976119995
2242,2242,80,88,27.193417072296143
2243,2243,50,88,27.20487904548645
2244,2244,40,88,27.212763786315918
2245,2245,54,88,27.22693681716919
2246,2246,27,88,27.240846872329712
2247,2247,54,88,27.250680923461914
2248,2248,75,88,27.26554775238037
2249,2249,87,88,27.27759599685669
2250,2250,48,88,27.288414001464844
2251,2251,77,88,27.30350399017334
2252,2252,98,88,27.3145010471344
2253,2253,112,88,27.32639503479004
2254,2254,89,88,27.336733102798462
2255,2255,89,88,27.336733102798462
2256,2256,67,88,27.361557006835938
2257,2257,120,88,27.37397599220276
2258,2258,93,88,27.38409686088562
2259,2259,59,88,27.39535093307495
2260,2260,60,88,27.406945943832397
2261,2261,69,88,27.422420024871826
2262,2262,33,88,27.433552980422974
2263,2263,33,88,27.433552980422974
2264,2264,6,88,27.457322359085083
2265,2265,66,88,27.472087621688843
2266,2266,85,88,27.483120918273926
2267,2267,57,88,27.4943208694458
2268,2268,34,88,27.50959300994873
2269,2269,57,88,27.52229404449463
2270,2270,57,88,27.52229404449463
2271,2271,57,88,27.52229404449463
2272,2272,59,88,27.556900024414062
2273,2273,99,88,27.569079875946045
2274,2274,80,88,27.574798583984375
2275,2275,80,88,27.574798583984375
2276,2276,80,88,27.574798583984375
2277,2277,97,88,27.62025499343872
2278,2278,103,88,27.631271839141846
2279,2279,103,88,27.631271839141846
2280,2280,103,88,27.631271839141846
2281,2281,83,88,27.66765284538269
2282,2282,11,88,27.6751868724823
2283,2283,11,88,27.6751868724823
2284,2284,11,88,27.6751868724823
2285,2285,54,88,27.717982053756714
2286,2286,54,88,27.72481894493103
2287,2287,54,88,27.72481894493103
2288,2288,54,88,27.72481894493103
2289,2289,55,88,27.76543688774109
2290,2290,65,88,27.77933692932129
2291,2291,68,88,27.788733959197998
2292,2292,45,88,27.800280809402466
2293,2293,23,88,27.813238382339478
2294,2294,75,88,27.82361888885498
2295,2295,44,88,27.834484100341797
2296,2296,56,88,27.84744095802307
2297,2297,35,88,27.8581759929657
2298,2298,23,88,27.869423151016235
2299,2299,56,88,27.88445806503296
2300,2300,35,88,27.89245295524597
2301,2301,22,88,27.90731716156006
2302,2302,67,88,27.918230772018433
2303,2303,45,88,27.92994499206543
2304,2304,37,88,27.940712928771973
2305,2305,86,88,27.95381784439087
2306,2306,118,88,27.968559980392456
2307,2307,65,88,27.979944944381714
2308,2308,36,88,27.992671012878418
2309,2309,104,88,28.005945920944214
2310,2310,83,88,28.017030954360962
2311,2311,80,88,28.02834701538086
2312,2312,57,88,28.032763957977295
2313,2313,57,88,28.032763957977295
2314,2314,33,88,28.06242275238037
2315,2315,121,88,28.073370933532715
2316,2316,67,88,28.084423065185547
2317,2317,40,88,28.096153020858765
2318,2318,70,88,28.110803842544556
2319,2319,75,88,28.11832094192505
2320,2320,69,88,28.129707098007202
2321,2321,34,88,28.140773057937622
2322,2322,19,88,28.15537714958191
2323,2323,55,88,28.167518138885498
2324,2324,86,88,28.178351879119873
2325,2325,49,88,28.190155744552612
2326,2326,6,88,28.200745820999146
2327,2327,81,88,28.212125062942505
2328,2328,8,88,28.223418951034546
2329,2329,44,88,28.23429036140442
2330,2330,42,88,28.24592399597168
2331,2331,44,88,28.256675958633423
2332,2332,16,88,28.270278930664062
2333,2333,68,88,28.281741857528687
2334,2334,86,88,28.29672598838806
2335,2335,66,88,28.308334827423096
2336,2336,65,88,28.31945013999939
2337,2337,72,88,28.331252098083496
2338,2338,66,88,28.33535385131836
2339,2339,35,88,28.357438802719116
2340,2340,60,88,28.367599964141846
2341,2341,123,88,28.378662824630737
2342,2342,80,88,28.39319109916687
2343,2343,53,88,28.404295921325684
2344,2344,71,88,28.412235021591187
2345,2345,93,88,28.431071996688843
2346,2346,48,88,28.44209599494934
2347,2347,113,88,28.4534010887146
2348,2348,99,88,28.468476057052612
2349,2349,54,88,28.479553937911987
2350,2350,11,88,28.491236925125122
2351,2351,-11,88,28.502042055130005
2352,2352,53,88,28.517279386520386
2353,2353,49,88,28.528296947479248
2354,2354,70,88,28.53979206085205
2355,2355,53,88,28.551170825958252
2356,2356,53,88,28.563899040222168
2357,2357,38,88,28.57445216178894
2358,2358,34,88,28.589470148086548
2359,2359,72,88,28.600727796554565
2360,2360,99,88,28.612005949020386
2361,2361,66,88,28.619879961013794
2362,2362,66,88,28.619879961013794
2363,2363,89,88,28.650082111358643
2364,2364,100,88,28.65413236618042
2365,2365,100,88,28.65413236618042
2366,2366,98,88,28.683403968811035
2367,2367,87,88,28.69194483757019
2368,2368,83,88,28.711761951446533
2369,2369,107,88,28.72340202331543
2370,2370,36,88,28.734207153320312
2371,2371,33,88,28.745393991470337
2372,2372,-5,88,28.75739288330078
2373,2373,42,88,28.77198314666748
2374,2374,57,88,28.7793128490448
2375,2375,65,88,28.79495096206665
2376,2376,66,88,28.805701971054077
2377,2377,82,88,28.82070541381836
2378,2378,56,88,28.83234214782715
2379,2379,67,88,28.843218088150024
2380,2380,99,88,28.858225107192993
2381,2381,100,88,28.870918035507202
2382,2382,68,88,28.88230800628662
2383,2383,40,88,28.893549919128418
2384,2384,56,88,28.907243013381958
2385,2385,37,88,28.920315980911255
2386,2386,64,88,28.930187940597534
2387,2387,64,88,28.930187940597534
2388,2388,64,88,28.930187940597534
2389,2389,58,88,28.9701669216156
2390,2390,82,88,28.980217933654785
2391,2391,96,88,28.988602876663208
2392,2392,96,88,28.988602876663208
2393,2393,99,88,29.021528005599976
2394,2394,82,88,29.02867317199707
2395,2395,82,88,29.02867317199707
2396,2396,82,88,29.02867317199707
2397,2397,82,88,29.02867317199707
2398,2398,109,88,29.080843925476074
2399,2399,48,88,29.090885877609253
2400,2400,20,88,29.094678163528442
2401,2401,20,88,29.094678163528442
2402,2402,20,88,29.094678163528442
2403,2403,54,88,29.141350984573364
2404,2404,80,88,29.152249097824097
2405,2405,70,88,29.164234161376953
2406,2406,43,88,29.179861068725586
2407,2407,17,88,29.189543962478638
2408,2408,48,88,29.200984954833984
2409,2409,73,88,29.21215796470642
2410,2410,35,88,29.223469972610474
2411,2411,36,88,29.236355781555176
2412,2412,36,88,29.236355781555176
2413,2413,36,88,29.236355781555176
2414,2414,36,88,29.236355781555176
2415,2415,85,88,29.285490036010742
2416,2416,85,88,29.296475887298584
2417,2417,53,88,29.31146001815796
2418,2418,23,88,29.31925892829895
2419,2419,73,88,29.330528020858765
2420,2420,9,88,29.345377922058105
2421,2421,6,88,29.356574058532715
2422,2422,-26,88,29.36818218231201
2423,2423,-26,88,29.382599115371704
2424,2424,10,88,29.393099069595337
2425,2425,25,88,29.40364098548889
2426,2426,41,88,29.413331985473633
2427,2427,36,88,29.428224086761475
2428,2428,49,88,29.43979001045227
2429,2429,48,88,29.450945615768433
2430,2430,42,88,29.46571707725525
2431,2431,38,88,29.476885080337524
2432,2432,32,88,29.488168954849243
2433,2433,68,88,29.49999690055847
2434,2434,41,88,29.510752201080322
2435,2435,60,88,29.522547960281372
2436,2436,69,88,29.533751964569092
2437,2437,69,88,29.533751964569092
2438,2438,100,88,29.560585975646973
2439,2439,92,88,29.573193073272705
2440,2440,72,88,29.58350896835327
2441,2441,56,88,29.594326972961426
2442,2442,52,88,29.605469942092896
2443,2443,51,88,29.617094039916992
2444,2444,40,88,29.631638765335083
2445,2445,69,88,29.643021821975708
2446,2446,55,88,29.65441107749939
2447,2447,67,88,29.66944909095764
2448,2448,80,88,29.68110704421997
2449,2449,98,88,29.692696809768677
2450,2450,98,88,29.692696809768677
2451,2451,86,88,29.71829104423523
2452,2452,89,88,29.72940993309021
2453,2453,72,88,29.74068593978882
2454,2454,74,88,29.755788803100586
2455,2455,85,88,29.766633987426758
2456,2456,70,88,29.774529933929443
2457,2457,70,64,29.789395809173584
2458,2458,86,64,29.800662755966187
2459,2459,84,64,29.81459379196167
2460,2460,56,64,29.823396921157837
2461,2461,56,64,29.823396921157837
2462,2462,56,64,29.823396921157837
2463,2463,103,64,29.86230993270874
2464,2464,112,64,29.87695288658142
2465,2465,55,64,29.888171434402466
2466,2466,41,64,29.898763418197632
2467,2467,55,64,29.91436505317688
2468,2468,57,64,29.92633080482483
2469,2469,85,64,29.93657088279724
2470,2470,45,64,29.951668977737427
2471,2471,66,64,29.963804960250854
2472,2472,59,64,29.974483966827393
2473,2473,80,64,29.98944401741028
